336	1	336
1	1	6119.23
2	1	49015.8
3	1	-19088.5
4	1	76113.5
5	1	-80022.4
6	1	-95876.1
7	1	59844.1
8	1	86708
9	1	-15732.1
10	1	-19036
11	1	82268.3
12	1	63559.8
13	1	25111
14	1	-64883.4
15	1	6448.42
16	1	99690.9
17	1	54739.2
18	1	-80814.4
19	1	-31625.8
20	1	50317.8
21	1	72231.9
22	1	14815.4
23	1	-27835.3
24	1	25560
25	1	20112.4
26	1	96173.5
27	1	65058.4
28	1	28960.9
29	1	7836.92
30	1	-43260.7
31	1	78501.2
32	1	50298.3
33	1	-27046.4
34	1	-25701.7
35	1	-7069.55
36	1	-2261.46
37	1	-18394.2
38	1	77091.9
39	1	91443.7
40	1	-46568.3
41	1	90066.7
42	1	73667.3
43	1	97284.4
44	1	-23004
45	1	-71288.9
46	1	26297.8
47	1	26431.6
48	1	32270.4
49	1	-24331.9
50	1	7778.88
51	1	76592.4
52	1	-75302.5
53	1	-69162
54	1	29286.2
55	1	81736.3
56	1	12997.4
57	1	22714.5
58	1	10988.4
59	1	1446.82
60	1	-94164.7
61	1	-20190.4
62	1	-12499.1
63	1	-11079.1
64	1	18865.8
65	1	-96773.5
66	1	54645.9
67	1	29682
68	1	-95974.8
69	1	-5080.23
70	1	-96736.1
71	1	-72843.1
72	1	53500.1
73	1	-94019.6
74	1	96911.9
75	1	22064.5
76	1	-44142
77	1	-89403.1
78	1	-24829.3
79	1	95808.3
80	1	47937.7
81	1	-78189.1
82	1	-55991.1
83	1	56901.5
84	1	-16750
85	1	-88852.4
86	1	-34202.5
87	1	-75074.8
88	1	-61794.3
89	1	-33227.3
90	1	-64330.2
91	1	1300.09
92	1	-7700.77
93	1	9000.5
94	1	-21395.7
95	1	46450.3
96	1	-60770
97	1	-88483.5
98	1	-29547
99	1	74439.8
100	1	-76233
101	1	8628.57
102	1	-97103.2
103	1	-27210.1
104	1	-35984.9
105	1	40244.1
106	1	8711.38
107	1	-87649.3
108	1	65569.5
109	1	-90576.2
110	1	98192.1
111	1	24211
112	1	28024.2
113	1	44470.9
114	1	68787.9
115	1	65323.4
116	1	85776.2
117	1	-25882.8
118	1	-6714.7
119	1	-42499.5
120	1	45110.9
121	1	-50383.1
122	1	-68596.8
123	1	8698.42
124	1	37796.7
125	1	2825.49
126	1	75067.8
127	1	76821.8
128	1	-40982.5
129	1	64496.6
130	1	16382.8
131	1	97135.9
132	1	24532.3
133	1	-1792.24
134	1	25294.3
135	1	35087
136	1	6421.37
137	1	-33380.9
138	1	79101.8
139	1	-96778.1
140	1	-51525.6
141	1	-61657.9
142	1	-64524.4
143	1	61989.4
144	1	-76930.4
145	1	-55215.4
146	1	40187.1
147	1	-40753.9
148	1	-6409.07
149	1	-90076.4
150	1	-11826.3
151	1	-93901.1
152	1	93724.9
153	1	62192.9
154	1	23186
155	1	-12320.9
156	1	-119.896
157	1	36306.6
158	1	67166.8
159	1	-60339.9
160	1	66991.5
161	1	-10153.3
162	1	65108.3
163	1	20900.7
164	1	41873.1
165	1	43002.8
166	1	-64045.6
167	1	-45635.1
168	1	95033
169	1	-79191.1
170	1	47420.5
171	1	78548.2
172	1	61520
173	1	35737
174	1	12636.5
175	1	-6247.27
176	1	9268.19
177	1	35942.3
178	1	89800.1
179	1	-87793.3
180	1	47025.1
181	1	18328.9
182	1	82045.5
183	1	22615.2
184	1	57758.8
185	1	17133.8
186	1	20882.5
187	1	91274.5
188	1	37615
189	1	71035.6
190	1	8503.94
191	1	-91496.1
192	1	56246.7
193	1	-37824
194	1	21531.4
195	1	11052.4
196	1	-29210.5
197	1	89469.4
198	1	-63921.2
199	1	35615.9
200	1	63063.5
201	1	75540.3
202	1	-62575.4
203	1	-59170.3
204	1	-69316.5
205	1	52306.2
206	1	-76774.4
207	1	-95913.4
208	1	-22398.5
209	1	4945.48
210	1	-69740.7
211	1	18057.9
212	1	25157.3
213	1	40580.1
214	1	74451.1
215	1	62755.4
216	1	-23299.1
217	1	85670
218	1	-12043.9
219	1	-22830.5
220	1	-66359.8
221	1	-43215.8
222	1	85094.5
223	1	-40722.2
224	1	-93421.7
225	1	43874.1
226	1	-55164.4
227	1	76603
228	1	52124.4
229	1	-63842.7
230	1	-98614.9
231	1	30867.9
232	1	64289.2
233	1	37864
234	1	13281.5
235	1	25710.9
236	1	-18524.7
237	1	-45061.3
238	1	-2699.4
239	1	-74060.6
240	1	-6318.91
241	1	-31739
242	1	38052.1
243	1	-81995
244	1	24778.9
245	1	48386.4
246	1	-35745.1
247	1	6474.01
248	1	-1288.79
249	1	-50039.1
250	1	68874
251	1	58197.4
252	1	45022.2
253	1	-70115.8
254	1	-4545.51
255	1	-11544.6
256	1	-66470.2
257	1	23973.4
258	1	-21221.1
259	1	-88869.2
260	1	83.5038
261	1	20270
262	1	57691.8
263	1	-1724.39
264	1	-32871
265	1	63225.2
266	1	-93687.5
267	1	63429.1
268	1	96741.6
269	1	-24268.1
270	1	28686.8
271	1	24981
272	1	-63199.1
273	1	1023.91
274	1	-68192.4
275	1	56233.2
276	1	-56550.7
277	1	54245.3
278	1	-77723.5
279	1	36396.1
280	1	4358.11
281	1	-73156.9
282	1	-52942.3
283	1	7122.16
284	1	7763.03
285	1	-91218.8
286	1	13345.4
287	1	10706.9
288	1	-64365.7
289	1	-20619.4
290	1	38809
291	1	-32962
292	1	-63594.5
293	1	59585
294	1	90501.8
295	1	-14897.9
296	1	-18575.1
297	1	36117.7
298	1	76468.2
299	1	27930.2
300	1	18484.8
301	1	94058.1
302	1	-47474.4
303	1	73884.1
304	1	-14967.3
305	1	53120.4
306	1	-60738.5
307	1	80255.1
308	1	97430.3
309	1	-23252.1
310	1	22921.3
311	1	51484.4
312	1	-71141.9
313	1	6969.8
314	1	85986
315	1	-80542.6
316	1	-3615.77
317	1	-27544.3
318	1	95563.8
319	1	-69300.3
320	1	52320.6
321	1	-90673.3
322	1	-23171.8
323	1	92666.9
324	1	9394.4
325	1	-86424.5
326	1	54546.7
327	1	-27707.7
328	1	-36432.6
329	1	82180.2
330	1	30921.2
331	1	33165.1
332	1	-30146.1
333	1	-61871.5
334	1	79007.9
335	1	-7335.69
336	1	52670.3
