10806.680609999996
-8743.951259999998
-10700.579339999998
7128.289079999998
-6632.369369999999
-7446.505769999999
7494.846479999997
-6732.089099999998
-8543.793059999998
7622.172359999998
-1108.4386499999998
4484.883149999999
-9380.101499999997
-5141.103659999999
-1457.1364499999997
-393.2575019999999
3130.864109999999
1176.3051299999997
21096.60172354477
18731.755302388243
-2126.9283488061683
-10571.221706215281
-10637.557151498138
-10801.415749186737
-10867.751194469593
-7937.252644122502
-698.4773417058809
2232.021208641211
-18397.53529007364
-69355.66460394693
-89985.22110266179
-89985.22110266179
-69854.98128785465
-5241.966839999998
-1220.2027199999995
43370.035397313986
36787.67214943771
574.7548346389503
-23223.772186374517
-19940.81613013259
-16755.3832262964
-13472.42717005447
-12046.363810108121
-6312.023698092244
-4885.960338145895
-21331.004987871802
-68104.62245275616
-84549.66710248205
-84549.66710248205
-66231.27862106817
-5314.309109999999
8778.211199999998
83371.6355446041
73754.17868058635
-6322.5337125211845
-41253.14771843445
-34587.7324380263
-18074.385507753184
-11408.970227345038
-12952.591332972981
-18919.707652431436
-20463.32875805937
-22409.08330943891
-12051.105367503756
-13996.859918883294
-13996.859918883294
-7555.442678266207
8304.452639999998
5311.3361399999985
99565.62228212072
86913.07180196149
-4295.727576045829
-50358.42856685889
-40310.55406228454
-20414.7479078452
-10366.873403270845
-14880.178974473074
-23816.979759505815
-28330.285330708048
-15776.749783741208
9080.518256540312
21634.05380350715
21634.05380350715
16198.499803327419
2749.539869999999
-3920.606909999999
73344.44967171826
70602.79617765424
2415.480090943345
-20625.73760857327
-22181.04392166522
-13888.41858489219
-15443.724897984139
-15772.949190174022
-20525.66869619442
-20854.8929883843
-7942.190003274997
17274.245475149
30186.948460258303
30186.948460258303
21900.429574494858
-10408.858019999998
9899.913869999998
8574.181599037129
15743.425091068311
38267.727307187815
38247.99289896763
25089.50576820939
-12337.916387734802
-25496.40351849305
-21641.546531670592
-9907.718271532163
-6052.861284709702
7219.0091385420765
33850.67312953992
47122.5435527917
47122.5435527917
35985.059781444535
-10429.233209999997
-9511.413119999997
-17646.991011365342
-566.8505332389504
44978.934974176984
67980.68385725326
43219.0159088287
-5811.587064781783
-30573.255013206348
-22534.316747371537
-6616.407208220767
1422.531057614041
15053.56891900829
42044.4003481486
55675.43820954286
55675.43820954286
41686.989552611965
4948.644689999999
-3856.0074299999987
-28835.5837964856
-11090.677524678435
40714.17016897842
69974.98123829559
53070.49907419769
11897.081884913841
-5007.400279184065
6036.768838381553
24959.909229263147
36004.07834682877
23926.397975741922
25208.511172401148
13130.830801314296
13130.830801314296
13323.917947126269
7083.825209999999
8296.317809999999
-56473.10271357653
-38063.430648088586
38404.01818155225
73923.89143711032
64876.595057339066
54662.870116543985
45615.57373677272
59664.97370606917
90429.63405831481
104479.03402761123
66692.63542404331
-33325.38942216254
-71111.78802573046
-71111.78802573046
-56737.16507717566
1893.6729899999993
-246.83056199999993
-67661.69549869678
-48587.257639528056
34139.25337635366
75918.18881815266
74728.07822270805
72371.53906623961
71181.428470795
88236.05929182225
122005.9504957987
139060.58131682596
75565.46448077692
-50161.27859790998
-113656.39543395901
-113656.39543395901
-85100.23668266134
10710.478349999998
-890.9185229999997
-56440.37259313936
-52556.187490082055
9369.409316909558
30347.430549818404
31213.09204315572
30912.324975469208
31777.98646880651
41179.218157180614
67295.71022850391
76696.94191687799
37517.848622435486
-63892.87091464493
-103071.96420908743
-103071.96420908743
-78043.94919941365
-1977.6675599999996
-10579.373639999998
-28722.005320932316
-40028.072973986425
-60064.37958527379
-59887.27256125505
-56965.838979135835
-49166.24124080224
-46244.80765868301
-44496.97510296208
-48537.19413734403
-46789.36158162308
-61652.431334459085
-67250.65181407181
-82113.7215669078
-82113.7215669078
-60613.850298857855
-3279.915539999999
9218.112749999997
-17500.682415374882
-43997.00282454041
-84834.22364471789
-105458.0308295893
-100480.82515868815
-90625.45533157265
-85648.2496606715
-91553.81623760372
-103247.43440463883
-109153.00098157107
-99700.04719280053
-80982.24413080674
-71529.29034203621
-71529.29034203621
-53557.56281561013
2389.8976199999993
2810.8505699999996
-17500.682415374882
-43997.00282454041
-84834.22364471789
-105458.0308295893
-100480.82515868815
-90625.45533157265
-85648.2496606715
-91553.81623760372
-103247.43440463883
-109153.00098157107
-99700.04719280053
-80982.24413080674
-71529.29034203621
-71529.29034203621
-53557.56281561013
-8898.415019999999
5378.897699999999
-13585.673599178803
-31249.887205289153
-65212.50563050951
-78961.71042042377
-75643.57330648969
-67447.27203634122
-64129.13492240712
-68066.17930702861
-77791.27528175297
-81728.31966637445
-75426.35047386077
-59859.53200812382
-53557.56281561013
-53557.56281561013
-41576.41113132608
7104.178619999999
-9798.157709999998
9683.910719999998
-4726.466909999999
-5823.046349999999
1613.3643899999995
-4138.396019999999
3179.9562299999993
-7843.838309999997
4516.387919999999
1748.7488699999994
6653.931569999999
-10143.098459999996
4316.665319999999
192.09959999999995
6551.881379999999
-10609.517159999996
5418.450179999999
