2089	1	2089
1	1	39676.4
2	1	-43973.8
3	1	49563.1
4	1	-55171.8
5	1	-16284.8
6	1	-56837.8
7	1	33810.2
8	1	26076.2
9	1	-82400.2
10	1	69660.7
11	1	28064.3
12	1	32634.2
13	1	78536.4
14	1	78132.9
15	1	4245.66
16	1	-66333.6
17	1	-53040.1
18	1	-63190
19	1	76564.2
20	1	68414.6
21	1	16799.9
22	1	90243.1
23	1	4019.51
24	1	-33481.2
25	1	43086.7
26	1	-11849
27	1	-79187.3
28	1	13489.8
29	1	-69942
30	1	-41455.7
31	1	41511.7
32	1	-85904.6
33	1	-99485.1
34	1	47839
35	1	-20206.6
36	1	7266.39
37	1	-61206.5
38	1	47877.3
39	1	23451.7
40	1	-89967.7
41	1	-87843.6
42	1	968.406
43	1	87002.6
44	1	-11805.3
45	1	57123.1
46	1	-48866.7
47	1	9618.4
48	1	65234.3
49	1	-93975.1
50	1	29226.7
51	1	-99291.2
52	1	29576.4
53	1	-29145.5
54	1	67320.3
55	1	14257.7
56	1	-63093.5
57	1	-9775.69
58	1	54595.3
59	1	-75077.5
60	1	-88664.9
61	1	79706.2
62	1	17790.3
63	1	44145.8
64	1	-25227.6
65	1	-75313.1
66	1	20519.7
67	1	71682.1
68	1	-28755.5
69	1	-60242.3
70	1	72275.8
71	1	-36993.6
72	1	38028.7
73	1	10879.7
74	1	88781.8
75	1	35689.1
76	1	44328.3
77	1	-80752.2
78	1	66749.4
79	1	-14147.3
80	1	-81928.4
81	1	-8156.8
82	1	-12424.9
83	1	-69340.7
84	1	98706.4
85	1	-7615.05
86	1	67056.8
87	1	78013.9
88	1	54826.2
89	1	11463.5
90	1	48773.3
91	1	-40889.3
92	1	-20425.6
93	1	28283.8
94	1	92926.5
95	1	88392.3
96	1	-31297.2
97	1	88031.2
98	1	-80444
99	1	-98722.2
100	1	39200.6
101	1	8432.58
102	1	55464.1
103	1	-67872.7
104	1	48414.2
105	1	18153.6
106	1	85614.7
107	1	69594.5
108	1	-54140.3
109	1	71896.3
110	1	71315.3
111	1	53523.9
112	1	-32398.5
113	1	-88687.3
114	1	50864
115	1	96116.6
116	1	-65516.8
117	1	18491.6
118	1	89666.5
119	1	9100.36
120	1	-33802.6
121	1	-21469.1
122	1	-66400.3
123	1	-20832.8
124	1	78394.2
125	1	-86013.8
126	1	32395.7
127	1	-26860.8
128	1	56307.6
129	1	97817.7
130	1	-65329.8
131	1	-68144.3
132	1	-94117.2
133	1	-94284.1
134	1	-52307.1
135	1	2624.15
136	1	-86746.6
137	1	65834.7
138	1	89129
139	1	-42962.2
140	1	87570.1
141	1	-53476.9
142	1	36932.9
143	1	-22282.3
144	1	18821.5
145	1	-62487.4
146	1	25306.4
147	1	16225.9
148	1	-25138.6
149	1	28678.8
150	1	-54532.2
151	1	-15237.7
152	1	-43147.3
153	1	84634
154	1	67801.4
155	1	67824.7
156	1	95538.1
157	1	-46846.2
158	1	44725.6
159	1	-40014.4
160	1	15470.9
161	1	48553
162	1	94591
163	1	-98738.8
164	1	98767.6
165	1	-57796
166	1	86257.5
167	1	-25113.9
168	1	-19782.3
169	1	50530
170	1	-86102
171	1	-64344
172	1	-75906.8
173	1	-80949.2
174	1	56528.9
175	1	67466.1
176	1	28351.4
177	1	-60663.2
178	1	73996.3
179	1	86418
180	1	-68382.8
181	1	-4310.2
182	1	-41456.3
183	1	-7263.91
184	1	85395.7
185	1	-31613.7
186	1	65973.9
187	1	37435.1
188	1	87924.3
189	1	55854.2
190	1	-21953.2
191	1	84761.6
192	1	-65686.4
193	1	-47910.5
194	1	16651.8
195	1	49899.9
196	1	-27068.4
197	1	-63259.3
198	1	77024.5
199	1	22489.5
200	1	-51299.1
201	1	-51780.1
202	1	42145.1
203	1	39976.4
204	1	11961.4
205	1	-65566.1
206	1	92956.7
207	1	90738.1
208	1	57628.4
209	1	28143.5
210	1	38973.4
211	1	-16168.2
212	1	27188.5
213	1	9725.18
214	1	46758.2
215	1	65700.4
216	1	-5607.14
217	1	76238.5
218	1	18900.9
219	1	-86477
220	1	-32096.5
221	1	91865.4
222	1	-27333.8
223	1	60260.9
224	1	-31946.7
225	1	-51412.1
226	1	44542.1
227	1	14634.8
228	1	-3776.93
229	1	95023.5
230	1	-69635.7
231	1	-69782.1
232	1	83937.9
233	1	2674.75
234	1	60280
235	1	-22014.9
236	1	6479.57
237	1	12280
238	1	-78886.9
239	1	-41682.2
240	1	-13445.8
241	1	18610.4
242	1	-82633
243	1	55882.9
244	1	-94509.7
245	1	-14148.3
246	1	52536.7
247	1	-81018.1
248	1	-32300.1
249	1	47004.5
250	1	-72915.9
251	1	12064.9
252	1	-70952.1
253	1	-22475.3
254	1	46900.4
255	1	22879.4
256	1	33245.8
257	1	33645.5
258	1	45016.4
259	1	-78955.7
260	1	93243.9
261	1	-96326.7
262	1	46276.9
263	1	53518.2
264	1	9180.91
265	1	45519.9
266	1	58759.4
267	1	47698.6
268	1	17440.5
269	1	-51696
270	1	-68441.9
271	1	-76332.8
272	1	-99055.9
273	1	22720.9
274	1	-6895.53
275	1	9034.5
276	1	50697.2
277	1	35409
278	1	68927.7
279	1	86493.3
280	1	-17866.9
281	1	-29028.8
282	1	21894.9
283	1	87062.2
284	1	24837.5
285	1	-98324.3
286	1	29277.1
287	1	-5041.49
288	1	-48572.8
289	1	-69669.9
290	1	-78777.8
291	1	2385
292	1	-51932.2
293	1	69936.8
294	1	89002.4
295	1	-69482.6
296	1	-88824.4
297	1	-58936.7
298	1	424.851
299	1	31155.5
300	1	-83032.1
301	1	-55135.2
302	1	80552.3
303	1	-56814.1
304	1	-84773.3
305	1	19513.3
306	1	-47743.8
307	1	10856.8
308	1	-17095.5
309	1	-22065.6
310	1	-91878.9
311	1	-60587.4
312	1	24365
313	1	-20239.3
314	1	-7823
315	1	-24439.9
316	1	7775.53
317	1	95370.9
318	1	-34218.1
319	1	-99594.4
320	1	66499
321	1	-43651.9
322	1	57364.4
323	1	-90489.8
324	1	23678.7
325	1	-2861.6
326	1	45658.6
327	1	-14402.9
328	1	-75935
329	1	93583
330	1	-37651
331	1	30916.6
332	1	-53618.3
333	1	88221.6
334	1	40402.1
335	1	-96305.7
336	1	-55575
337	1	36642
338	1	25201.2
339	1	23163.9
340	1	-54292.7
341	1	80158.1
342	1	67544.6
343	1	-92850.5
344	1	69140.5
345	1	-42376.6
346	1	-635.922
347	1	49450.7
348	1	77272.3
349	1	-94773.5
350	1	55497.5
351	1	-30277.6
352	1	-31429.3
353	1	-96139.3
354	1	-30390.6
355	1	-11245.9
356	1	-35530.9
357	1	6419.35
358	1	12285.9
359	1	68291.3
360	1	-82386.3
361	1	49505.8
362	1	-5578.45
363	1	-70380.4
364	1	-84949.7
365	1	83660.3
366	1	50668.9
367	1	1601.25
368	1	-70624.5
369	1	77510.6
370	1	43099.4
371	1	-77653.3
372	1	-91290.1
373	1	-9445.41
374	1	77504.1
375	1	74479.1
376	1	17271.4
377	1	22510.1
378	1	-67803
379	1	12379.8
380	1	3696.3
381	1	-33169.3
382	1	14810.9
383	1	48223.8
384	1	45340.7
385	1	11511.3
386	1	90935.1
387	1	80555.3
388	1	-78278.9
389	1	24832.9
390	1	35942
391	1	-14801.7
392	1	41994
393	1	-21629.9
394	1	-65568.6
395	1	-39938.2
396	1	99091.1
397	1	-78722
398	1	38263.4
399	1	-34932.6
400	1	13317.2
401	1	95508.5
402	1	59712.9
403	1	-8998.7
404	1	12602.1
405	1	74220.7
406	1	13524
407	1	89611
408	1	-49152.6
409	1	35825.4
410	1	-52639.5
411	1	47852.9
412	1	-65200.9
413	1	16045
414	1	-47054.5
415	1	-16279.4
416	1	45068.6
417	1	83468.9
418	1	-54739.9
419	1	22938.1
420	1	62589.3
421	1	-98624.4
422	1	-425.421
423	1	-39816.3
424	1	13809.4
425	1	84539.3
426	1	-61710.6
427	1	-10405.4
428	1	68402.6
429	1	-94454
430	1	-56021.2
431	1	-71871.9
432	1	-66320.6
433	1	81957.1
434	1	65591.7
435	1	-95232.1
436	1	13845.2
437	1	-57832.3
438	1	45864.7
439	1	-5443.94
440	1	6517.16
441	1	-31731.1
442	1	-3156.83
443	1	-91997.4
444	1	-78342.1
445	1	78245.5
446	1	-75328.2
447	1	-59675.8
448	1	-82142.2
449	1	23541.5
450	1	-87803.6
451	1	79564.2
452	1	-34721
453	1	-52391.4
454	1	77230.1
455	1	2096.26
456	1	-95201.1
457	1	4373.6
458	1	89963.2
459	1	22591
460	1	43853.7
461	1	98547.7
462	1	22540.3
463	1	16096
464	1	-1355.49
465	1	-7641.44
466	1	66992.9
467	1	44342.9
468	1	3773.92
469	1	8420.4
470	1	-28755.1
471	1	87424
472	1	51488.9
473	1	-11187.5
474	1	80560.9
475	1	-39301.6
476	1	15982.5
477	1	87554.8
478	1	20153.1
479	1	-99455.9
480	1	-42155.6
481	1	-27945.7
482	1	72958.2
483	1	87607.1
484	1	43905.4
485	1	65419
486	1	-87735.4
487	1	-51166.9
488	1	-64509.4
489	1	-81034.3
490	1	-63562
491	1	2325.98
492	1	-69505.6
493	1	66807.4
494	1	-45329
495	1	-2666.57
496	1	-60782.6
497	1	32734.2
498	1	-72378.2
499	1	45024.2
500	1	81434.5
501	1	23701.7
502	1	-99018.7
503	1	9954.94
504	1	-12195.9
505	1	31665.1
506	1	6366.81
507	1	-96795
508	1	-86904.6
509	1	-15041.7
510	1	86828.4
511	1	20945
512	1	-47588.4
513	1	-82878.9
514	1	7437.95
515	1	35519.6
516	1	31965.9
517	1	57889.2
518	1	29141.1
519	1	31502.2
520	1	-69473.4
521	1	-88570.9
522	1	-81296.2
523	1	52654.6
524	1	-79194.8
525	1	78771.3
526	1	-18326.7
527	1	-89440
528	1	-1171.04
529	1	-98249.2
530	1	-87172.6
531	1	-45607.9
532	1	58255.1
533	1	-7140.31
534	1	-64435.6
535	1	56774.9
536	1	66784
537	1	-68257.1
538	1	25674.3
539	1	85699.6
540	1	6066.04
541	1	77503
542	1	-45670.4
543	1	55582.1
544	1	76254.8
545	1	22268.5
546	1	11257.3
547	1	-56845.2
548	1	-67663.4
549	1	51450.2
550	1	12907.3
551	1	-4018.02
552	1	2595.68
553	1	-33234.9
554	1	-19121.3
555	1	-7950.4
556	1	30439.4
557	1	-47531.5
558	1	69662.3
559	1	26141.7
560	1	-14819.9
561	1	-7465.69
562	1	-80073.3
563	1	-39236.6
564	1	-2745.36
565	1	99114.7
566	1	747.061
567	1	38669.4
568	1	-35410.9
569	1	86234.3
570	1	-8050.62
571	1	-89307.2
572	1	-35516.1
573	1	-55597.6
574	1	-37839
575	1	-57958.4
576	1	-21530.9
577	1	40151.1
578	1	93655.1
579	1	-91104.5
580	1	91627.5
581	1	-2825.08
582	1	91729.9
583	1	15844.8
584	1	81162.4
585	1	-54560.1
586	1	-35179.3
587	1	-54145.8
588	1	-83735
589	1	41731.3
590	1	63077.6
591	1	-44101.6
592	1	80830.7
593	1	-38235.9
594	1	-34062.9
595	1	-35331.1
596	1	56212.4
597	1	44013.7
598	1	-38571.4
599	1	29327.5
600	1	-96067
601	1	-82278.9
602	1	37850.2
603	1	-18384.2
604	1	99767.7
605	1	-69550.7
606	1	-11948.4
607	1	-76633.6
608	1	-1916.36
609	1	37607.2
610	1	45737.6
611	1	-65583
612	1	-35134.4
613	1	-15198.1
614	1	-19234.9
615	1	15238.7
616	1	57235.5
617	1	82546.3
618	1	59550.7
619	1	43360.1
620	1	-2677.17
621	1	-19090
622	1	85109.8
623	1	-37735.9
624	1	72788.8
625	1	-92178
626	1	19246.8
627	1	48168.2
628	1	-46306.5
629	1	-96484.8
630	1	-59922.6
631	1	-55744
632	1	24247
633	1	-44097.2
634	1	22429.4
635	1	-89490.4
636	1	-45920.3
637	1	-88670.5
638	1	-33616.3
639	1	62094.4
640	1	74905.8
641	1	65290.4
642	1	99707
643	1	62137.4
644	1	-40044
645	1	-65957.1
646	1	-70761.8
647	1	-36068.2
648	1	-41889.4
649	1	-16945.7
650	1	54564.2
651	1	-25401
652	1	-55047.2
653	1	-92200.5
654	1	24718
655	1	82401.6
656	1	24448.8
657	1	-2657.51
658	1	-67670.7
659	1	69779.8
660	1	-97525.1
661	1	92492.4
662	1	-50289.1
663	1	-11724.6
664	1	81672.4
665	1	59958.6
666	1	-94125.1
667	1	50577.9
668	1	-37192
669	1	-33176.4
670	1	76772.3
671	1	-37089.4
672	1	-89463.2
673	1	-56105.3
674	1	-90493.6
675	1	-89196.3
676	1	33507.4
677	1	60439.5
678	1	15032.5
679	1	16979.3
680	1	-59417.6
681	1	95055
682	1	17899.8
683	1	29721.4
684	1	-25819.7
685	1	-64551.7
686	1	31719.4
687	1	-24810.7
688	1	-2319.95
689	1	79306.2
690	1	91466.3
691	1	58113.2
692	1	-94224.8
693	1	9035.85
694	1	99327.7
695	1	73392.1
696	1	-96689.5
697	1	67338.6
698	1	-90086.6
699	1	-3872.99
700	1	-44037.1
701	1	-75740.4
702	1	-18453.9
703	1	-86464.3
704	1	-38904.3
705	1	58005.2
706	1	-76773.9
707	1	76279.5
708	1	49535.1
709	1	-55452.8
710	1	98059.5
711	1	-69430.4
712	1	-88839
713	1	44563
714	1	-35561.8
715	1	-95470
716	1	-27853.5
717	1	49991.8
718	1	-72719
719	1	-35117.6
720	1	-29764.4
721	1	16593.3
722	1	-3559.01
723	1	70773.5
724	1	-15411.6
725	1	-5620.53
726	1	-2286.1
727	1	23064.9
728	1	20693
729	1	-55916.8
730	1	14877.9
731	1	44956.6
732	1	21603.1
733	1	-46002.1
734	1	84886.6
735	1	-78227.3
736	1	5192.76
737	1	9884.95
738	1	-61412.5
739	1	48610.4
740	1	49798.4
741	1	-99769.9
742	1	-5681.94
743	1	71203.5
744	1	-16764.8
745	1	76726.9
746	1	-62414.2
747	1	51880.6
748	1	-59715.5
749	1	14198.2
750	1	-56329.5
751	1	4968.7
752	1	-77678.2
753	1	76790.4
754	1	-21773.8
755	1	-1851.94
756	1	-87060
757	1	52235.9
758	1	88256.1
759	1	-55021
760	1	-48286.3
761	1	82475.7
762	1	-55621
763	1	-16819
764	1	-8163.94
765	1	89471.8
766	1	-39547
767	1	-16244.3
768	1	23420.5
769	1	53895.1
770	1	-17618.7
771	1	-34506
772	1	73015.9
773	1	-48027.5
774	1	40254.1
775	1	-56852
776	1	-82191.9
777	1	-85109.4
778	1	-96729.7
779	1	31178.3
780	1	-70935.3
781	1	-74239
782	1	-37746.5
783	1	-87424.8
784	1	-87407.8
785	1	77543
786	1	12985.1
787	1	-15835.9
788	1	-92890.6
789	1	-85130.4
790	1	71695.7
791	1	99832
792	1	43941.4
793	1	-51947.6
794	1	41928.1
795	1	-41451.1
796	1	-96139.2
797	1	47474.5
798	1	13319.9
799	1	33204.2
800	1	-27610.5
801	1	-79316.9
802	1	90444.7
803	1	-10637.4
804	1	-58414.2
805	1	42514.4
806	1	37614.8
807	1	54071
808	1	16653.1
809	1	-22354.5
810	1	-19653.1
811	1	41968.6
812	1	-73579.1
813	1	96482.5
814	1	-75954.3
815	1	-75306
816	1	-30971
817	1	28287
818	1	8403.93
819	1	94574.5
820	1	-70665.9
821	1	19067.2
822	1	38694.2
823	1	-80208.7
824	1	-74259.7
825	1	11772
826	1	-36341.2
827	1	14866.2
828	1	54086.6
829	1	62371.8
830	1	-8523.36
831	1	-42616.2
832	1	-90742.1
833	1	-88999.4
834	1	84637.5
835	1	-93370.7
836	1	-63012.8
837	1	34272.6
838	1	89896.1
839	1	-72303
840	1	-26607.5
841	1	2379.78
842	1	-38781.9
843	1	59397.4
844	1	-91929.7
845	1	81506.6
846	1	-56177.6
847	1	28339.8
848	1	-41439.5
849	1	39709.9
850	1	-93368.2
851	1	22739.6
852	1	77754.6
853	1	-65740.2
854	1	-68910.1
855	1	29894.9
856	1	-68199.5
857	1	-79116.9
858	1	49184.9
859	1	-6377.4
860	1	-71441.6
861	1	-7083.63
862	1	-64279.1
863	1	-32376.6
864	1	-31689.1
865	1	-85791
866	1	60049.4
867	1	-58220.1
868	1	-59934.2
869	1	66141.7
870	1	74340.8
871	1	-15652.4
872	1	71989.9
873	1	38455.8
874	1	-80135.1
875	1	94584.1
876	1	16532
877	1	44221.8
878	1	-62106.9
879	1	-20196.3
880	1	-14835.1
881	1	-52361.6
882	1	-91349.8
883	1	-18369.4
884	1	85027.1
885	1	-12528.4
886	1	69878.1
887	1	-69875.2
888	1	-15021.1
889	1	35070.4
890	1	20283.1
891	1	-75674.5
892	1	78400.6
893	1	75368.7
894	1	36835.5
895	1	-125.14
896	1	24285.9
897	1	-64412.6
898	1	24174.2
899	1	-57691
900	1	95468.3
901	1	53384.7
902	1	-5654.83
903	1	87914.7
904	1	-99296.1
905	1	-27110.7
906	1	-52560.6
907	1	-62761.3
908	1	84604.3
909	1	53491.2
910	1	1071.4
911	1	-67032.9
912	1	-3480.86
913	1	84570.7
914	1	32330.8
915	1	-78126.6
916	1	50239.9
917	1	37256.8
918	1	-7601.91
919	1	73046
920	1	74815.6
921	1	27821.6
922	1	69730.5
923	1	35178.4
924	1	5972.65
925	1	-83990.4
926	1	-51088.5
927	1	-20857.4
928	1	63334.8
929	1	-54463.4
930	1	19756.1
931	1	-31209.9
932	1	66188.3
933	1	-59438.2
934	1	94934
935	1	13070.6
936	1	-9268.31
937	1	56611.3
938	1	-29651.6
939	1	-20129.4
940	1	1391.36
941	1	74936.1
942	1	60519.6
943	1	-19712.1
944	1	62911.4
945	1	-22261.7
946	1	62619.5
947	1	97987.6
948	1	31326.6
949	1	-40696.7
950	1	-69762.6
951	1	22569.4
952	1	-5688.28
953	1	35518
954	1	-49413.7
955	1	50095.8
956	1	18923
957	1	-59782.1
958	1	-9409.38
959	1	-63511
960	1	78816
961	1	23894.3
962	1	-9821.48
963	1	-50092.4
964	1	-16941.5
965	1	64887.3
966	1	83786.5
967	1	-39176.4
968	1	77846.6
969	1	-73957.5
970	1	30984.6
971	1	13997.6
972	1	98672.6
973	1	32054.8
974	1	-66939.1
975	1	41304.1
976	1	-90336.5
977	1	-8754.36
978	1	-77563.3
979	1	47534.9
980	1	-4338.63
981	1	88905.7
982	1	-56576.7
983	1	75084.4
984	1	-42191.6
985	1	-75596
986	1	-82564.8
987	1	-72592.4
988	1	-98179.1
989	1	91465.8
990	1	22254.7
991	1	-50562.1
992	1	-11833.1
993	1	-78264.6
994	1	-15436
995	1	-52931.1
996	1	10411.9
997	1	62255.8
998	1	13559.4
999	1	55997.8
1000	1	-45388.6
1001	1	96394.5
1002	1	-94873.3
1003	1	-7682.1
1004	1	5979.67
1005	1	4923.26
1006	1	-74260.6
1007	1	57486.2
1008	1	-91476.4
1009	1	-80478.2
1010	1	-72041.4
1011	1	-53904.3
1012	1	59248.1
1013	1	44531.5
1014	1	16360.2
1015	1	-34780.9
1016	1	58502.2
1017	1	-42800.3
1018	1	96901.7
1019	1	70338.1
1020	1	73671.5
1021	1	-80553.2
1022	1	97529.1
1023	1	-15112
1024	1	-80572.9
1025	1	-90547.9
1026	1	31988.1
1027	1	-7923.98
1028	1	5082
1029	1	-64177.4
1030	1	58009.9
1031	1	-22312
1032	1	-96806.3
1033	1	13829.5
1034	1	98791
1035	1	-75316.7
1036	1	11324.1
1037	1	6670.45
1038	1	64302
1039	1	-32583.2
1040	1	34014.5
1041	1	593.987
1042	1	57791.8
1043	1	-62930.3
1044	1	-45425.8
1045	1	77358.8
1046	1	-82155.2
1047	1	-64888.8
1048	1	-38611.4
1049	1	60259.8
1050	1	-96805.7
1051	1	49807.3
1052	1	-5589.59
1053	1	66611.6
1054	1	-50271.5
1055	1	-44780.1
1056	1	13367.3
1057	1	-92161.8
1058	1	-25985.1
1059	1	-64858.3
1060	1	77244.3
1061	1	39726.3
1062	1	75360.4
1063	1	-72045.8
1064	1	-98790
1065	1	-10036
1066	1	29482.9
1067	1	-87813.3
1068	1	65425.7
1069	1	-44488.2
1070	1	52552.6
1071	1	37385.5
1072	1	16627.3
1073	1	15176.6
1074	1	-93141.9
1075	1	11508.8
1076	1	-78751.9
1077	1	20062.6
1078	1	-56614.5
1079	1	68267.7
1080	1	54821
1081	1	-46316
1082	1	25404
1083	1	14707.4
1084	1	9612.89
1085	1	-4527.99
1086	1	60081.8
1087	1	-73777.3
1088	1	-94168.7
1089	1	-8548.92
1090	1	65989.7
1091	1	97179
1092	1	18603.9
1093	1	-54021.1
1094	1	15665.1
1095	1	46964.4
1096	1	-28183.7
1097	1	-65661.9
1098	1	299.216
1099	1	69871.7
1100	1	-70861.3
1101	1	57826.9
1102	1	-70199
1103	1	-76097.8
1104	1	2161.7
1105	1	-22235.2
1106	1	-83400.3
1107	1	-35707
1108	1	-92328.5
1109	1	57098.4
1110	1	49249.7
1111	1	93322.9
1112	1	-14105.8
1113	1	-29949.1
1114	1	56433.9
1115	1	-89969.4
1116	1	-91190.5
1117	1	-26178.8
1118	1	-75621.7
1119	1	97250.2
1120	1	-64161.8
1121	1	-55680.3
1122	1	60358.9
1123	1	-76260.8
1124	1	-47581.6
1125	1	93914.6
1126	1	-35317.5
1127	1	-12346.6
1128	1	67886.1
1129	1	87342.5
1130	1	-36894.3
1131	1	73909.9
1132	1	92191.6
1133	1	-88754.2
1134	1	92369.7
1135	1	-98748.6
1136	1	-38277.1
1137	1	-86162
1138	1	-5069.32
1139	1	38207.9
1140	1	-40647.4
1141	1	-57210.8
1142	1	88176.5
1143	1	-64630.3
1144	1	-79300.4
1145	1	20578.6
1146	1	25125.2
1147	1	69924.9
1148	1	-54009.7
1149	1	-47905.1
1150	1	86721.7
1151	1	33626.2
1152	1	-56028.1
1153	1	85435.6
1154	1	-4702.38
1155	1	20232.1
1156	1	80489.9
1157	1	82879.9
1158	1	80918.4
1159	1	-76919.4
1160	1	-70751.4
1161	1	10205.5
1162	1	53635.4
1163	1	-28361.4
1164	1	84490.3
1165	1	85187
1166	1	-88663.5
1167	1	78001.3
1168	1	-32236.3
1169	1	-40647
1170	1	-86447.4
1171	1	778.856
1172	1	-25412.6
1173	1	89365.1
1174	1	90857.8
1175	1	83067.7
1176	1	59027.9
1177	1	-47653.9
1178	1	-11784.5
1179	1	70943.9
1180	1	-435.376
1181	1	-45851.6
1182	1	72540.4
1183	1	-90577.2
1184	1	51173.7
1185	1	869.181
1186	1	52253.6
1187	1	-53586.8
1188	1	23679.2
1189	1	-74763.9
1190	1	-21636.9
1191	1	66052.6
1192	1	-40608.8
1193	1	98458.9
1194	1	-6987.46
1195	1	-58184.5
1196	1	-30025.8
1197	1	35905
1198	1	77395.9
1199	1	4724.01
1200	1	-57960.5
1201	1	2607.33
1202	1	86144.9
1203	1	4843.77
1204	1	31235.3
1205	1	88182.7
1206	1	-71971
1207	1	-29478.5
1208	1	-15396.6
1209	1	53000.5
1210	1	71578.1
1211	1	-4409.99
1212	1	87444.5
1213	1	35089.5
1214	1	-25284.8
1215	1	30807.3
1216	1	-68316.2
1217	1	96659.9
1218	1	-33724.2
1219	1	57341.8
1220	1	47760.6
1221	1	-89555.4
1222	1	-2995.97
1223	1	-21829.8
1224	1	72957.7
1225	1	78065.3
1226	1	18155.2
1227	1	-35395.2
1228	1	13014.8
1229	1	-12265.6
1230	1	-43657.5
1231	1	81662.5
1232	1	-8511.36
1233	1	99373.8
1234	1	-37235.1
1235	1	-39143.8
1236	1	-8040.92
1237	1	48081.1
1238	1	44936.5
1239	1	-5583.05
1240	1	81205.9
1241	1	70238.7
1242	1	-52865.7
1243	1	11008.9
1244	1	82048.2
1245	1	55274
1246	1	-79575.5
1247	1	38143.9
1248	1	-90815.6
1249	1	50204.8
1250	1	5789.96
1251	1	-74105.4
1252	1	-22922.1
1253	1	76524.7
1254	1	78457.2
1255	1	-31180.2
1256	1	-67328.3
1257	1	18627
1258	1	-92277.3
1259	1	92533
1260	1	75541.9
1261	1	-72040.3
1262	1	52958.3
1263	1	-8941.95
1264	1	10858.4
1265	1	93455.1
1266	1	-8671.15
1267	1	55716.7
1268	1	71045.3
1269	1	-9414.54
1270	1	35821.1
1271	1	-45713.5
1272	1	16188.8
1273	1	-39547.8
1274	1	-70959.2
1275	1	-5939.68
1276	1	-24628.4
1277	1	-71225.2
1278	1	51674.7
1279	1	94213.1
1280	1	35980.9
1281	1	49478.3
1282	1	4015.28
1283	1	91085.4
1284	1	-22617.5
1285	1	74932.4
1286	1	63063
1287	1	-46852.4
1288	1	-64232.1
1289	1	23460.5
1290	1	-39854.8
1291	1	41515.9
1292	1	3247.73
1293	1	-35627.6
1294	1	-3348.94
1295	1	48177.6
1296	1	20636.6
1297	1	-83782.3
1298	1	17124.3
1299	1	-6483.12
1300	1	-9934.89
1301	1	-72475.7
1302	1	-51412
1303	1	-60186.3
1304	1	-23107.4
1305	1	-79408.9
1306	1	22571.8
1307	1	-46437.5
1308	1	-35037
1309	1	30033
1310	1	-73882.9
1311	1	6299.04
1312	1	-21597.6
1313	1	70857.8
1314	1	39138
1315	1	6361.69
1316	1	13797.7
1317	1	-88118.9
1318	1	-838.57
1319	1	5430.72
1320	1	-11309.8
1321	1	6809.09
1322	1	-17746.3
1323	1	-60189.3
1324	1	-73594.6
1325	1	-68446.3
1326	1	98070.8
1327	1	29442.1
1328	1	-58729.4
1329	1	38313
1330	1	-72786.7
1331	1	15383.1
1332	1	-11047.2
1333	1	-38404
1334	1	-82923.3
1335	1	-1499.07
1336	1	-95354.7
1337	1	21692.2
1338	1	-71104
1339	1	-89565
1340	1	-24192.1
1341	1	48849.7
1342	1	-24087.3
1343	1	94541.1
1344	1	-54140.5
1345	1	70743.3
1346	1	-5803.89
1347	1	15609.3
1348	1	-94047.3
1349	1	-79622.1
1350	1	-27039.9
1351	1	-42279.4
1352	1	75680.2
1353	1	-22443
1354	1	-46465.6
1355	1	-41413.2
1356	1	-75655.1
1357	1	86826.8
1358	1	26402.2
1359	1	-72022.5
1360	1	50075.9
1361	1	-98329.4
1362	1	-47423.2
1363	1	-17489.6
1364	1	16182.6
1365	1	-8394.11
1366	1	-59737
1367	1	-7339.96
1368	1	-69568.5
1369	1	69704.1
1370	1	-85182
1371	1	-54869.1
1372	1	88607.6
1373	1	12336.6
1374	1	-90117.7
1375	1	54011
1376	1	-27018.8
1377	1	-73205.4
1378	1	-24980.5
1379	1	4387.68
1380	1	45076
1381	1	48765.6
1382	1	22338
1383	1	25339.7
1384	1	58516.8
1385	1	70677.5
1386	1	-87810.1
1387	1	-92431.2
1388	1	48649
1389	1	-97848.1
1390	1	-5547
1391	1	-5843.64
1392	1	-90979.7
1393	1	-12632
1394	1	56369.8
1395	1	29258.8
1396	1	59150.5
1397	1	28436.3
1398	1	-83564
1399	1	-70014
1400	1	-70016.3
1401	1	37727.5
1402	1	33532.2
1403	1	-1400.05
1404	1	7645.35
1405	1	75427.1
1406	1	89414.2
1407	1	-61395.4
1408	1	21875.4
1409	1	95274.9
1410	1	-37499.3
1411	1	4144.55
1412	1	32260.3
1413	1	85141.1
1414	1	87908.4
1415	1	45500.6
1416	1	-26051
1417	1	59127.5
1418	1	-32606.7
1419	1	64041.8
1420	1	61030.3
1421	1	49472.7
1422	1	-14445.2
1423	1	-59431.6
1424	1	-61695
1425	1	83679.9
1426	1	88953.1
1427	1	-79363.6
1428	1	-57410.2
1429	1	-409.819
1430	1	-87111.8
1431	1	-3879.57
1432	1	-53745.3
1433	1	-20647.2
1434	1	26685.5
1435	1	83958.8
1436	1	-1785.48
1437	1	36508.7
1438	1	-6719.02
1439	1	-31220.7
1440	1	-96767.6
1441	1	-82659.5
1442	1	-33043
1443	1	-69719.4
1444	1	-72257.6
1445	1	77390
1446	1	-66471
1447	1	88409
1448	1	86965.3
1449	1	85967.2
1450	1	11379.1
1451	1	96894.7
1452	1	-45266.6
1453	1	-69879.1
1454	1	75857.6
1455	1	-32481.8
1456	1	29429.1
1457	1	91975.1
1458	1	-25546.5
1459	1	-51856.4
1460	1	29649
1461	1	98134.5
1462	1	44776.4
1463	1	66954.8
1464	1	34288.7
1465	1	25463.1
1466	1	-63316.5
1467	1	35451.7
1468	1	23336.2
1469	1	-16264.6
1470	1	66967.2
1471	1	931.77
1472	1	45148.1
1473	1	71814.8
1474	1	57832.6
1475	1	-36485.4
1476	1	-80427.3
1477	1	-8902.39
1478	1	95138.8
1479	1	57164.2
1480	1	53576.1
1481	1	92576.1
1482	1	37219.6
1483	1	43786.1
1484	1	-12103.6
1485	1	-76114.3
1486	1	-37433.2
1487	1	40027.1
1488	1	-76013.6
1489	1	-88099.8
1490	1	-83328.8
1491	1	-70586.9
1492	1	-82641.4
1493	1	-97261.6
1494	1	69516.8
1495	1	89999.7
1496	1	-57673
1497	1	-72166.6
1498	1	-66225.5
1499	1	95043
1500	1	-49783.4
1501	1	77521
1502	1	68817.9
1503	1	-65746.3
1504	1	45952.9
1505	1	60819.7
1506	1	-4950.59
1507	1	-70592.2
1508	1	12409.5
1509	1	-44995.1
1510	1	-45858.9
1511	1	-87446.8
1512	1	-20297.5
1513	1	52336.8
1514	1	-27379.6
1515	1	-75329.9
1516	1	-61128
1517	1	84221.6
1518	1	-36741.7
1519	1	-65765.9
1520	1	-45645.9
1521	1	55387.8
1522	1	-60733.6
1523	1	-24077.9
1524	1	-33453.3
1525	1	-91083.4
1526	1	30215.5
1527	1	53842.8
1528	1	62051.5
1529	1	82719.5
1530	1	1954.89
1531	1	-61915.2
1532	1	-96270.7
1533	1	-26421.2
1534	1	-8532.6
1535	1	-82831
1536	1	21556.3
1537	1	9800.94
1538	1	62006
1539	1	-93055.7
1540	1	31662.7
1541	1	7415.49
1542	1	48574.4
1543	1	31424.9
1544	1	76157.2
1545	1	-41460.2
1546	1	-13291.5
1547	1	5869.97
1548	1	-73401.2
1549	1	-44782.1
1550	1	37275.1
1551	1	44515.7
1552	1	52175.3
1553	1	21725.4
1554	1	-95703.3
1555	1	55337.5
1556	1	48177.1
1557	1	-84457
1558	1	61919.1
1559	1	71972.6
1560	1	53542.9
1561	1	-18628.6
1562	1	58533.1
1563	1	53774.7
1564	1	-25960.7
1565	1	85074.6
1566	1	-42364.9
1567	1	50303.6
1568	1	82384.1
1569	1	520.108
1570	1	10044.8
1571	1	66291.2
1572	1	-50564.5
1573	1	20718.8
1574	1	-46315.5
1575	1	31428.6
1576	1	-96391
1577	1	92147.8
1578	1	-54346.5
1579	1	-84305
1580	1	-53986.4
1581	1	5035.7
1582	1	-61465.5
1583	1	-11989.6
1584	1	-90294.7
1585	1	-70331.6
1586	1	87432.2
1587	1	70286.1
1588	1	-49076.7
1589	1	-78998.8
1590	1	53134
1591	1	-67298.2
1592	1	-48070
1593	1	37247.9
1594	1	-93619.6
1595	1	-7283.01
1596	1	-54965.1
1597	1	-58487.6
1598	1	86387.1
1599	1	57021.9
1600	1	95576.3
1601	1	-24949.9
1602	1	58623.7
1603	1	-35219.7
1604	1	3093.82
1605	1	80818.3
1606	1	41114.9
1607	1	38519.8
1608	1	-81494.2
1609	1	84165
1610	1	-67854.2
1611	1	44469.1
1612	1	-77298.3
1613	1	76993.4
1614	1	-22212
1615	1	40080.6
1616	1	54311.9
1617	1	-70300.4
1618	1	-96380.2
1619	1	-75159.7
1620	1	62097.2
1621	1	-10937.7
1622	1	15513.5
1623	1	-87166
1624	1	-97794
1625	1	34645.4
1626	1	32637.3
1627	1	-84840.7
1628	1	-15.8665
1629	1	-29043.6
1630	1	-60216.6
1631	1	43751.8
1632	1	54006.8
1633	1	-25320.3
1634	1	-43863.5
1635	1	6956.06
1636	1	2711.71
1637	1	-59750.4
1638	1	-37816.5
1639	1	77626.7
1640	1	-54905.6
1641	1	-33022
1642	1	-83064.3
1643	1	-82742.6
1644	1	10743.6
1645	1	-9590.98
1646	1	-79312.3
1647	1	-31339.8
1648	1	-87168.3
1649	1	-85725.8
1650	1	13454.3
1651	1	-71080
1652	1	-56228
1653	1	-89448.6
1654	1	9169.36
1655	1	72061.5
1656	1	71341.2
1657	1	45270.8
1658	1	29664.5
1659	1	-10214.2
1660	1	-4678.33
1661	1	-52456.8
1662	1	-44098.8
1663	1	-53885.3
1664	1	-63583.6
1665	1	93805.4
1666	1	89471.7
1667	1	-53434.5
1668	1	71381.4
1669	1	-64446.3
1670	1	44059.1
1671	1	30190
1672	1	-60632.2
1673	1	-98265.7
1674	1	77885.3
1675	1	-16664.4
1676	1	-33805.6
1677	1	99624.5
1678	1	-70049.2
1679	1	65063.5
1680	1	65052.3
1681	1	59395.5
1682	1	-91678.9
1683	1	12769.4
1684	1	15471.6
1685	1	3229.17
1686	1	48974.7
1687	1	90623.9
1688	1	54980.7
1689	1	-56674.9
1690	1	53485.3
1691	1	-68225.9
1692	1	-66776.6
1693	1	77256.3
1694	1	46451.1
1695	1	-33102.7
1696	1	-65037.6
1697	1	-36153.6
1698	1	5359.29
1699	1	-91592.9
1700	1	28995.8
1701	1	-85431.7
1702	1	89887.3
1703	1	28079
1704	1	56948
1705	1	-51897.9
1706	1	35192.9
1707	1	-48463.3
1708	1	84535.2
1709	1	52437.5
1710	1	67130.4
1711	1	-56720.4
1712	1	21624.2
1713	1	46918.3
1714	1	-37604.4
1715	1	28812.5
1716	1	46524.4
1717	1	-56653.9
1718	1	-58304.7
1719	1	-24838.6
1720	1	88351.3
1721	1	60410.3
1722	1	36828
1723	1	64819.7
1724	1	-54420.1
1725	1	-67183.6
1726	1	-78283.4
1727	1	-96471.2
1728	1	-93204.6
1729	1	19900.5
1730	1	-76779.4
1731	1	-24388
1732	1	29307
1733	1	49582.2
1734	1	-56208.7
1735	1	-3753.68
1736	1	29425.8
1737	1	92192.7
1738	1	47504.3
1739	1	-7407.37
1740	1	1428.82
1741	1	-73313.6
1742	1	13737.9
1743	1	-86173.9
1744	1	-33746.4
1745	1	58799.3
1746	1	-74994
1747	1	51741.4
1748	1	9615.21
1749	1	95854.5
1750	1	-36462
1751	1	-98041.5
1752	1	-9960.9
1753	1	-83643.5
1754	1	-56619.4
1755	1	55023.4
1756	1	-31353.3
1757	1	-72270
1758	1	69927.7
1759	1	30697.7
1760	1	-66502.6
1761	1	-12541.4
1762	1	-22446.5
1763	1	79419.6
1764	1	-61182.4
1765	1	41662.7
1766	1	52930.3
1767	1	-4962.12
1768	1	34664.2
1769	1	-4931.18
1770	1	30876.7
1771	1	-2670.57
1772	1	66170.2
1773	1	93896.2
1774	1	-94375.7
1775	1	-22568.3
1776	1	78591.2
1777	1	17046.5
1778	1	-76997.9
1779	1	56746
1780	1	-91916.6
1781	1	47500.4
1782	1	-84707
1783	1	83879.8
1784	1	-49497.3
1785	1	2536.82
1786	1	54419.9
1787	1	-92640.3
1788	1	25315.5
1789	1	-18874.7
1790	1	-105.808
1791	1	-35366.6
1792	1	-11531.8
1793	1	34127.4
1794	1	92589.6
1795	1	47942.8
1796	1	-43230.2
1797	1	52621
1798	1	-69528.4
1799	1	-10262.7
1800	1	-97971.9
1801	1	38392.4
1802	1	-95978.7
1803	1	81400.7
1804	1	-66868.4
1805	1	-52687.2
1806	1	-11340.1
1807	1	-77817.9
1808	1	84510.5
1809	1	-17360.3
1810	1	-93958.4
1811	1	15797.1
1812	1	-26102.3
1813	1	-73586.3
1814	1	89863.9
1815	1	-28951.7
1816	1	65267
1817	1	53981
1818	1	8984.48
1819	1	1433.2
1820	1	1979.89
1821	1	-70214.5
1822	1	-33479.7
1823	1	31507.8
1824	1	47728.4
1825	1	-82522.3
1826	1	-41450.2
1827	1	30433
1828	1	-92006.9
1829	1	89197.8
1830	1	5860.43
1831	1	-4427.24
1832	1	-83410.5
1833	1	-56794.6
1834	1	97175.5
1835	1	89476.5
1836	1	61763.1
1837	1	-42147.1
1838	1	-32492.9
1839	1	-97347.1
1840	1	80256.4
1841	1	24542.4
1842	1	-32478.3
1843	1	75567.7
1844	1	76974.7
1845	1	-10566.5
1846	1	96048.1
1847	1	-28556.9
1848	1	73703.1
1849	1	34713
1850	1	76487.3
1851	1	-8919.87
1852	1	-82731.4
1853	1	9967.72
1854	1	76237.9
1855	1	-27426.3
1856	1	88039.3
1857	1	32022.7
1858	1	-50847.7
1859	1	94167.3
1860	1	57461.9
1861	1	25626.4
1862	1	-67482.5
1863	1	59619.6
1864	1	-92111.9
1865	1	98648.2
1866	1	-45153.4
1867	1	-80436
1868	1	95413.5
1869	1	65280.6
1870	1	75610
1871	1	81762.7
1872	1	-29960.2
1873	1	7595.2
1874	1	-76241.9
1875	1	8996.64
1876	1	92265.1
1877	1	-47424.8
1878	1	-26185.7
1879	1	-7866.49
1880	1	60066.5
1881	1	3074.51
1882	1	25679.4
1883	1	22868.9
1884	1	-69561.5
1885	1	97586.6
1886	1	-85761.3
1887	1	-66083.8
1888	1	-84595.3
1889	1	6652.92
1890	1	-66791
1891	1	21278.8
1892	1	68792.3
1893	1	-85968.5
1894	1	38026.5
1895	1	55014.1
1896	1	68993.3
1897	1	98911.2
1898	1	-87149.5
1899	1	40100.2
1900	1	58548.2
1901	1	-50368.7
1902	1	85148.3
1903	1	-78739.1
1904	1	19622.4
1905	1	-51434.4
1906	1	-39920.8
1907	1	-99242.7
1908	1	51943.3
1909	1	-48181.8
1910	1	55056.1
1911	1	-255.63
1912	1	17102.9
1913	1	-8444
1914	1	-51798.2
1915	1	-2415.98
1916	1	-98382.3
1917	1	13289.9
1918	1	48032.4
1919	1	-49556.2
1920	1	46548.5
1921	1	5214.61
1922	1	-74334.9
1923	1	88478.5
1924	1	-22461
1925	1	8285.11
1926	1	88878.2
1927	1	-55409.9
1928	1	-39696.9
1929	1	50501.9
1930	1	-55854
1931	1	-91874.2
1932	1	-6103.88
1933	1	97650.1
1934	1	24249
1935	1	19361
1936	1	3795.06
1937	1	81460.1
1938	1	16020.2
1939	1	33734.5
1940	1	62954.6
1941	1	-37564.4
1942	1	-26296
1943	1	80495.1
1944	1	53604.2
1945	1	69097.9
1946	1	83558.1
1947	1	22318.7
1948	1	72401.9
1949	1	82025.3
1950	1	-99871.8
1951	1	52420.4
1952	1	40052.5
1953	1	-11907.7
1954	1	88775.9
1955	1	-86177
1956	1	86499.2
1957	1	5408.09
1958	1	-6383.65
1959	1	-89770.3
1960	1	-35431
1961	1	-13968.6
1962	1	-17599.7
1963	1	-68253.1
1964	1	-76447.9
1965	1	-324.55
1966	1	41305.2
1967	1	-32321.3
1968	1	-23813.8
1969	1	80879.1
1970	1	86251.7
1971	1	-77379.5
1972	1	35291.9
1973	1	-71740.4
1974	1	16078.5
1975	1	78921.7
1976	1	-95908.1
1977	1	-1155.27
1978	1	65471.3
1979	1	-65919.5
1980	1	-44665.2
1981	1	60688.3
1982	1	96692.9
1983	1	-74141.3
1984	1	-77102.2
1985	1	36453.3
1986	1	20517.5
1987	1	-38263.4
1988	1	-37145.6
1989	1	25449.8
1990	1	-2923.94
1991	1	-51460.4
1992	1	-92530.6
1993	1	99188.7
1994	1	-40758.9
1995	1	64336.2
1996	1	-5865.63
1997	1	-99861.3
1998	1	-68003.1
1999	1	97392.6
2000	1	60726.4
2001	1	19610.3
2002	1	17064.5
2003	1	-21849.3
2004	1	25693.6
2005	1	99080
2006	1	-52348.1
2007	1	81059.7
2008	1	93619.6
2009	1	80461.5
2010	1	54322.7
2011	1	-22778.3
2012	1	-43219.3
2013	1	31470.5
2014	1	75396.5
2015	1	95783.7
2016	1	78546.7
2017	1	36675.2
2018	1	28833.2
2019	1	49653.7
2020	1	-75899.8
2021	1	-19721.3
2022	1	78796.1
2023	1	-48596.9
2024	1	13123.2
2025	1	85101.4
2026	1	40926
2027	1	31585.9
2028	1	1165.47
2029	1	81233.1
2030	1	-99353.6
2031	1	12150.8
2032	1	-17900.8
2033	1	76741.3
2034	1	77224.4
2035	1	-95179
2036	1	31891.5
2037	1	85509.9
2038	1	-71768
2039	1	-25732.2
2040	1	75397.1
2041	1	-4413.63
2042	1	-56602.4
2043	1	-90358.3
2044	1	63011.8
2045	1	-67481.7
2046	1	3551.6
2047	1	-46493.6
2048	1	86278.2
2049	1	-34499.5
2050	1	-48503.2
2051	1	63067.3
2052	1	67128.1
2053	1	79416.9
2054	1	92199.9
2055	1	46684.3
2056	1	-12681.1
2057	1	-44630.4
2058	1	-59192.8
2059	1	66507.4
2060	1	-33345.4
2061	1	64068.1
2062	1	-43846.8
2063	1	-97688.9
2064	1	-37123.3
2065	1	-8763.56
2066	1	-10084.8
2067	1	-28352.1
2068	1	92427.2
2069	1	-51269.4
2070	1	-60732.5
2071	1	-59781.4
2072	1	-13814.9
2073	1	23711.4
2074	1	92156.9
2075	1	-45174
2076	1	-18181.5
2077	1	94343.9
2078	1	67641.3
2079	1	-80572.3
2080	1	-46937.1
2081	1	-18512.2
2082	1	-26678.9
2083	1	52356.5
2084	1	32635.2
2085	1	-88813.5
2086	1	81966.2
2087	1	28717.3
2088	1	15134.8
2089	1	-7265.06
