2145	1	2145
1	1	-53426.4
2	1	74530.6
3	1	24051.6
4	1	-77419.2
5	1	2881.26
6	1	46113.4
7	1	3798.85
8	1	6981.79
9	1	-4875.97
10	1	-10175.4
11	1	-12554.1
12	1	-92905.1
13	1	60133.6
14	1	50469.1
15	1	80873.3
16	1	-96401.2
17	1	30114.3
18	1	-61474.8
19	1	55199.3
20	1	-66478.5
21	1	-61884.4
22	1	-35097.4
23	1	82365.3
24	1	65796.6
25	1	34443.9
26	1	18696.7
27	1	453.223
28	1	69857.6
29	1	55891.9
30	1	-59097.2
31	1	3352.64
32	1	52041.3
33	1	12695.7
34	1	-63914
35	1	11030.2
36	1	-26868.2
37	1	26730.7
38	1	-29712.4
39	1	54087.4
40	1	-18186.1
41	1	56227.4
42	1	-18124
43	1	99769.9
44	1	-42805.5
45	1	-14857.2
46	1	-83855.4
47	1	-6691.01
48	1	-83048.3
49	1	-24346.5
50	1	8592.71
51	1	45444.9
52	1	90897.6
53	1	73703.4
54	1	-53876.6
55	1	87562
56	1	49957.9
57	1	4207.42
58	1	67405.7
59	1	-53898.6
60	1	61816.5
61	1	-3184.83
62	1	-88315
63	1	-51773.5
64	1	37280.8
65	1	-20129.4
66	1	62248.2
67	1	-43026.4
68	1	72229.2
69	1	-81640.1
70	1	8087.44
71	1	-27102.3
72	1	13434.4
73	1	92620.5
74	1	-72884.6
75	1	-77359
76	1	84192.7
77	1	66248.5
78	1	37563
79	1	-37069.1
80	1	47800
81	1	-39714.9
82	1	81781.8
83	1	73302.2
84	1	29245.4
85	1	-51486.1
86	1	16697.6
87	1	68113.9
88	1	-37675
89	1	-44379.8
90	1	-23737
91	1	-42568.2
92	1	-68671.2
93	1	-42916.6
94	1	11753
95	1	79654
96	1	34053.4
97	1	-24695.2
98	1	43689.1
99	1	91564.1
100	1	-24924.7
101	1	17411.5
102	1	51095.3
103	1	-71724.1
104	1	45674.7
105	1	-38739.7
106	1	-52779.8
107	1	-7124.09
108	1	72680.8
109	1	-88520.7
110	1	-47953.2
111	1	4687.47
112	1	50601.9
113	1	31063.6
114	1	53178.6
115	1	1514.86
116	1	-89694.1
117	1	70039.3
118	1	-6056.16
119	1	-85681.1
120	1	-53630.5
121	1	52084.1
122	1	-43538.2
123	1	93309.5
124	1	6637.16
125	1	-90727.2
126	1	-40905.6
127	1	8643.91
128	1	98680.8
129	1	18210.3
130	1	44009.9
131	1	-67897.9
132	1	-11440.2
133	1	-85273
134	1	91715.9
135	1	21820.1
136	1	-94411.5
137	1	-22618.6
138	1	7139.09
139	1	-82571.5
140	1	-60530.3
141	1	-61293.3
142	1	-25440.3
143	1	-1837.12
144	1	63375.6
145	1	53258.5
146	1	-66486.3
147	1	98738.2
148	1	97424.1
149	1	52226.5
150	1	28944.6
151	1	51929.4
152	1	27231.2
153	1	-27485.6
154	1	72141.5
155	1	80000.9
156	1	-78602.6
157	1	-78423.7
158	1	33693.9
159	1	55246.1
160	1	-15843.7
161	1	-88403.1
162	1	-78431.5
163	1	-14087.3
164	1	-94635.1
165	1	73297.2
166	1	-418.867
167	1	-41252.3
168	1	-20134.9
169	1	92020.1
170	1	-11974.5
171	1	-89417.3
172	1	-84609.5
173	1	46136
174	1	-6143.84
175	1	-71015.2
176	1	12907
177	1	86794.2
178	1	24706.5
179	1	95365.4
180	1	91944
181	1	25810.6
182	1	49039.8
183	1	82485.5
184	1	-50777.8
185	1	57475.8
186	1	-10577.8
187	1	98191.4
188	1	5163.25
189	1	24661.1
190	1	8805.65
191	1	61559.9
192	1	2815.1
193	1	99768.8
194	1	-91830
195	1	-81089.7
196	1	-33409.5
197	1	-40624.2
198	1	2406.22
199	1	23711.7
200	1	-78787.7
201	1	17634.6
202	1	-43906.4
203	1	-14913.1
204	1	-86156.2
205	1	11783.6
206	1	14203.4
207	1	-83619.8
208	1	-24817.5
209	1	97693.1
210	1	-39041.8
211	1	50880.5
212	1	71218.5
213	1	29239
214	1	88488.5
215	1	-59498
216	1	-40578.4
217	1	95846.5
218	1	-9231.86
219	1	80278.4
220	1	86406
221	1	97671.9
222	1	98512.6
223	1	-19145.2
224	1	-49592.9
225	1	83864.1
226	1	-21361.6
227	1	-78437
228	1	-37184.1
229	1	-11135.7
230	1	-38103
231	1	-77168.6
232	1	48515.5
233	1	52526.4
234	1	13901.8
235	1	57291.6
236	1	-28529.5
237	1	71292
238	1	-12400.2
239	1	-63754.2
240	1	32001.1
241	1	-98980.4
242	1	82026.1
243	1	91453.3
244	1	-52360.3
245	1	61728.4
246	1	-15265.4
247	1	69266
248	1	-91840.9
249	1	-4067.02
250	1	23158.4
251	1	-80114.8
252	1	94961.9
253	1	39519.3
254	1	31683
255	1	45255.6
256	1	40951.1
257	1	-54842
258	1	43667.3
259	1	-98056.2
260	1	59218.5
261	1	77841.8
262	1	-41594.4
263	1	-619.751
264	1	39465.1
265	1	-7790.84
266	1	-90925
267	1	16940.2
268	1	50701.3
269	1	28666.6
270	1	-66938
271	1	-72195.9
272	1	-7888.86
273	1	-89694.5
274	1	-57053.4
275	1	15741.7
276	1	51609.8
277	1	-88098.9
278	1	26886.6
279	1	53093.8
280	1	16842.5
281	1	88098.1
282	1	-43041.7
283	1	19403.9
284	1	-48534.2
285	1	-60005.1
286	1	-54737.2
287	1	-19568.4
288	1	38410.2
289	1	-26538.8
290	1	25750.4
291	1	-44651.7
292	1	41067.5
293	1	54281.4
294	1	34160.1
295	1	-50892.5
296	1	32440.4
297	1	-32479.2
298	1	16346
299	1	22742.2
300	1	5861.63
301	1	-86669
302	1	-44774.6
303	1	96941.5
304	1	77319.7
305	1	-64500.9
306	1	39858
307	1	91289.2
308	1	87891.2
309	1	-87036.5
310	1	57642.2
311	1	-27499.4
312	1	13966
313	1	724.072
314	1	-30408.2
315	1	-65188.9
316	1	71682.2
317	1	-12110.8
318	1	22782.2
319	1	14112.3
320	1	89479.2
321	1	-29113.8
322	1	50919
323	1	-91634.7
324	1	10673.1
325	1	14041.5
326	1	-28181
327	1	73681.1
328	1	-30550
329	1	-43384.8
330	1	-54675.9
331	1	-11722.6
332	1	-16612.2
333	1	38102.8
334	1	8875.98
335	1	-87276.9
336	1	-79434.9
337	1	39696.4
338	1	3791.02
339	1	-97199.1
340	1	39094.6
341	1	-64029.5
342	1	-67271.5
343	1	16252.7
344	1	79600
345	1	40851.2
346	1	-84131.3
347	1	-2849.87
348	1	64582.5
349	1	-51808.1
350	1	93546.4
351	1	63397.7
352	1	93315.5
353	1	-40018.1
354	1	89643.4
355	1	62815.1
356	1	51655.2
357	1	52205.2
358	1	-27204.8
359	1	-22456.6
360	1	-95575.8
361	1	49040.3
362	1	88793
363	1	-26620.7
364	1	63280.1
365	1	44717.8
366	1	60785.9
367	1	43457.6
368	1	-78133.1
369	1	1314.66
370	1	26182.4
371	1	60633.6
372	1	2466.35
373	1	4175.2
374	1	-23342.8
375	1	59436.2
376	1	-56410.7
377	1	-22566.7
378	1	-51605.1
379	1	46007.9
380	1	13114.2
381	1	-76972
382	1	-35928.5
383	1	-42395.5
384	1	78205.4
385	1	-57283.7
386	1	73516.4
387	1	-7386.88
388	1	72980.3
389	1	-13951.8
390	1	-72100.8
391	1	18382.8
392	1	51615.1
393	1	-26535.7
394	1	49141.3
395	1	-50633.4
396	1	9337.59
397	1	-64638.4
398	1	-77234.7
399	1	94979.2
400	1	-35843.5
401	1	79495.1
402	1	-6910.63
403	1	-48583
404	1	-43306
405	1	-79051.4
406	1	86076.7
407	1	-4351.96
408	1	72176.6
409	1	-26598.1
410	1	-25290.8
411	1	-69322.7
412	1	20008.4
413	1	-14698.1
414	1	21718.2
415	1	18254.7
416	1	21325.3
417	1	49928.6
418	1	59796.8
419	1	88222.3
420	1	28418.5
421	1	24480
422	1	16071.2
423	1	6327.75
424	1	31224.9
425	1	94056.4
426	1	69081.9
427	1	-52240.8
428	1	33676
429	1	-89846.7
430	1	-70662.6
431	1	19002.8
432	1	-73335.5
433	1	-52227
434	1	91927.2
435	1	79736.7
436	1	-59444.6
437	1	37461.5
438	1	73099.8
439	1	-40862
440	1	-11138.8
441	1	-73752.2
442	1	65187.4
443	1	36993.8
444	1	-26857.4
445	1	-80170
446	1	-4178.97
447	1	10830
448	1	-62013.2
449	1	62330.4
450	1	48752.7
451	1	-24810.2
452	1	-86869.8
453	1	17425.7
454	1	-87266.7
455	1	94329.8
456	1	-83820.2
457	1	14491.5
458	1	-45727.9
459	1	-74873.4
460	1	-91626.2
461	1	5601.42
462	1	-85212.5
463	1	-42030.8
464	1	-34009.9
465	1	54526.9
466	1	-33866
467	1	-2930.65
468	1	87609.5
469	1	33522.3
470	1	-27998.1
471	1	49831.3
472	1	62459.9
473	1	-658.293
474	1	99888.8
475	1	73274.1
476	1	65272.3
477	1	75434.2
478	1	4263.35
479	1	-14291.9
480	1	-29445.8
481	1	32805.7
482	1	93035.4
483	1	-33605.9
484	1	-27345.8
485	1	64045.7
486	1	-13403
487	1	3858.37
488	1	47302.5
489	1	52301.9
490	1	-3200.41
491	1	94392
492	1	86694.8
493	1	-79145.6
494	1	-87363.1
495	1	-29235.1
496	1	99797.5
497	1	71993
498	1	-2511.6
499	1	-84863.1
500	1	-25089.5
501	1	90234.7
502	1	-40534.4
503	1	-95314.9
504	1	97143.4
505	1	14571.1
506	1	-88206.7
507	1	-57929.5
508	1	-30490.9
509	1	21065.3
510	1	-48417.4
511	1	-27192
512	1	-36590
513	1	60435.8
514	1	37943.2
515	1	70262.5
516	1	-12457.1
517	1	22890.4
518	1	54717.5
519	1	-30692.2
520	1	-68423.9
521	1	-36298.1
522	1	55195.2
523	1	1528.33
524	1	-89371.2
525	1	-22273.4
526	1	60019
527	1	-16780.9
528	1	92279.1
529	1	49494.5
530	1	25460.8
531	1	-67165.8
532	1	-40277.7
533	1	-99410.9
534	1	56879.7
535	1	45351.7
536	1	24850.3
537	1	-84849.1
538	1	38698.5
539	1	-32318.6
540	1	66906.5
541	1	52928.9
542	1	-28277.7
543	1	38390.4
544	1	61127.3
545	1	-17538.4
546	1	82075.4
547	1	88990
548	1	55537.6
549	1	-61856.3
550	1	-21367.8
551	1	-40795.3
552	1	30637.9
553	1	50501.1
554	1	91058.9
555	1	-11844.6
556	1	68174.7
557	1	43777.9
558	1	-89498.6
559	1	81564.3
560	1	33651.6
561	1	26710.1
562	1	-13634.6
563	1	4523.91
564	1	-48618.2
565	1	78791.3
566	1	-88317.7
567	1	34854.6
568	1	56984.6
569	1	-21899.3
570	1	-5191.52
571	1	48725.6
572	1	-68192.7
573	1	-7577
574	1	53618.7
575	1	-60194.7
576	1	-41831.6
577	1	-78271.9
578	1	74315.1
579	1	-91230.3
580	1	-8278.8
581	1	19248.4
582	1	-37850.3
583	1	46662.8
584	1	-53647.3
585	1	-26144.7
586	1	-13366.1
587	1	-49088
588	1	33900.8
589	1	-27596.5
590	1	-63294.9
591	1	51396.3
592	1	-64818
593	1	-83904.2
594	1	89667.6
595	1	-36245.8
596	1	-79998.3
597	1	85042.6
598	1	86860.6
599	1	11064.2
600	1	34831.8
601	1	32698.6
602	1	-72477.5
603	1	52657.4
604	1	-24368.2
605	1	16241.6
606	1	36122.5
607	1	7951.83
608	1	-8666.25
609	1	-68993.5
610	1	74394.6
611	1	-88248.3
612	1	35851.3
613	1	70529.3
614	1	-56739.2
615	1	27333.6
616	1	-16204.2
617	1	-15633
618	1	-8395.59
619	1	58053.4
620	1	-2804.09
621	1	-88145.4
622	1	-19190
623	1	-4369.71
624	1	-57379.9
625	1	51740.4
626	1	94391.2
627	1	26533.3
628	1	5190.43
629	1	51712.2
630	1	43969.3
631	1	84345.5
632	1	-60193.5
633	1	-52951.1
634	1	-3334.99
635	1	11166.1
636	1	-21655
637	1	-9103.01
638	1	-66792
639	1	29524.4
640	1	49011.9
641	1	61980.3
642	1	29359.8
643	1	76015.6
644	1	81153.9
645	1	-21996.7
646	1	-69947.5
647	1	6192.85
648	1	-68348
649	1	-12406.2
650	1	-29895.3
651	1	-33595.8
652	1	-13535.5
653	1	-79926.2
654	1	-15588.5
655	1	-82703.3
656	1	-80299.4
657	1	-2424.5
658	1	51116.8
659	1	3930.01
660	1	17500.9
661	1	-55578.4
662	1	-4627.74
663	1	-59407.9
664	1	-46165.1
665	1	-28798.7
666	1	-95814.7
667	1	-1829.02
668	1	89165.5
669	1	62860.2
670	1	66866.8
671	1	3642.17
672	1	-91624.2
673	1	-41765.1
674	1	33618.6
675	1	-39770.2
676	1	5735.51
677	1	31159.6
678	1	-7878.9
679	1	55531.2
680	1	40655
681	1	-17488.3
682	1	-39411.7
683	1	71222.8
684	1	-15870.1
685	1	-83715.6
686	1	9422.35
687	1	64734.6
688	1	-32950.5
689	1	19810.4
690	1	81887.9
691	1	17945
692	1	86710.8
693	1	44493.2
694	1	-51079.3
695	1	-16741.3
696	1	-22449.4
697	1	39196.5
698	1	89827.8
699	1	-85658.6
700	1	38252.3
701	1	-23758.9
702	1	-93702.7
703	1	18436.4
704	1	57024.9
705	1	9466.64
706	1	90565.4
707	1	73223.4
708	1	-66492
709	1	-63754.3
710	1	15226.7
711	1	86019
712	1	43335.3
713	1	-37014.1
714	1	-3389.82
715	1	-32387.8
716	1	98193.3
717	1	17336
718	1	88181.4
719	1	70822
720	1	-79856.8
721	1	-29848.2
722	1	36057.4
723	1	52019.3
724	1	71689.9
725	1	29486.4
726	1	24038.5
727	1	-97047.8
728	1	92967.1
729	1	-63183.9
730	1	-71046.2
731	1	98127.3
732	1	95282.6
733	1	-98914.2
734	1	55331.9
735	1	-38415.7
736	1	18035.7
737	1	-75243.2
738	1	-36302.3
739	1	16626.5
740	1	-54513.1
741	1	-12010.4
742	1	-14422.7
743	1	-67835.6
744	1	-56864.9
745	1	-42405.8
746	1	-55152.3
747	1	-50065.4
748	1	304.216
749	1	-64199.4
750	1	90603.9
751	1	18859
752	1	-35844.4
753	1	-13726.3
754	1	4047.94
755	1	14958.6
756	1	-18502.4
757	1	31169.4
758	1	74333.2
759	1	74896.2
760	1	-95932.5
761	1	-17285
762	1	90519.6
763	1	83669.1
764	1	81272.9
765	1	66546.4
766	1	57265.4
767	1	67023.7
768	1	60203.2
769	1	57871.7
770	1	-68731.4
771	1	-82339.9
772	1	-25485.9
773	1	-76708.2
774	1	-54405.8
775	1	20695.3
776	1	14911.1
777	1	-79725.5
778	1	828.504
779	1	-74150.5
780	1	19138
781	1	-22973.2
782	1	37329
783	1	4654
784	1	90097.9
785	1	84354.6
786	1	-67424.2
787	1	94335.2
788	1	72082.2
789	1	2683.18
790	1	-37523.5
791	1	18158.1
792	1	-90569.4
793	1	47570.9
794	1	57100.3
795	1	5008.92
796	1	66040.9
797	1	6027.47
798	1	87876
799	1	-17217.9
800	1	56489.2
801	1	-49078
802	1	74881.2
803	1	32550.8
804	1	58231.2
805	1	-13648
806	1	-42049.5
807	1	-43983.9
808	1	63557.1
809	1	96051.9
810	1	58729.5
811	1	8478.48
812	1	-25157
813	1	37339.6
814	1	-88678.6
815	1	89342.5
816	1	-81425.9
817	1	-45388.7
818	1	73984.6
819	1	-7354.55
820	1	-81776.3
821	1	-64755.1
822	1	-66488
823	1	105.091
824	1	86006.4
825	1	33418.4
826	1	20579.3
827	1	84660.8
828	1	13801.8
829	1	31958.1
830	1	39962.4
831	1	86537.3
832	1	-52225.5
833	1	92232.3
834	1	-96916
835	1	53721.3
836	1	51498
837	1	-54971
838	1	21056.8
839	1	56950.6
840	1	-97726.4
841	1	-43504.9
842	1	-2455.98
843	1	62906.7
844	1	85947.1
845	1	83310.2
846	1	52086.2
847	1	14833.6
848	1	-53528.5
849	1	79198
850	1	63840.2
851	1	-58772.5
852	1	87499.7
853	1	97530.3
854	1	-73570.7
855	1	64717
856	1	90696.2
857	1	4673.68
858	1	-97062.8
859	1	71117.7
860	1	-40475.5
861	1	1808.66
862	1	43365.5
863	1	-83998.9
864	1	95939.2
865	1	-94496.5
866	1	66084.6
867	1	-91080.9
868	1	-89105.7
869	1	3655.15
870	1	-62188.9
871	1	70767.6
872	1	-35418.3
873	1	25970.5
874	1	-98622.9
875	1	-6618.95
876	1	-28730.3
877	1	1346.23
878	1	-88967.4
879	1	-62389.6
880	1	82737.5
881	1	-88590.8
882	1	-80777.4
883	1	87263
884	1	-4631.65
885	1	56097.3
886	1	-10665.7
887	1	53207.1
888	1	-55464
889	1	-53126.4
890	1	-90126.5
891	1	81727.3
892	1	90240.8
893	1	49792.6
894	1	34826.3
895	1	-37790
896	1	7153.36
897	1	-12262.2
898	1	57287.2
899	1	13503
900	1	42347.4
901	1	51111.3
902	1	-31835.3
903	1	-23178.4
904	1	12425
905	1	41607.9
906	1	-40318.9
907	1	7005.95
908	1	-61627.4
909	1	54006.4
910	1	91808
911	1	-90739.4
912	1	74818.6
913	1	29117.1
914	1	-82653.4
915	1	99299.2
916	1	-58561.6
917	1	30942.4
918	1	-79630.2
919	1	47985.6
920	1	36194
921	1	-71184.4
922	1	-3646.67
923	1	-61476.1
924	1	79791.6
925	1	30949.9
926	1	26791.2
927	1	-73999.8
928	1	-47454.5
929	1	-75591
930	1	91527.2
931	1	-65489.4
932	1	-21066.6
933	1	-59148.1
934	1	23989.2
935	1	-19380.7
936	1	51650.7
937	1	-71596.5
938	1	43851.7
939	1	90606.7
940	1	14985
941	1	73659.6
942	1	-41017.7
943	1	43264
944	1	-24243.9
945	1	-86635.8
946	1	-9982.57
947	1	94648.3
948	1	61160
949	1	23646.8
950	1	91555.7
951	1	89712.3
952	1	-41395
953	1	-89583.1
954	1	47213.4
955	1	1390.11
956	1	-17201.8
957	1	42025.8
958	1	24020.1
959	1	-88427.1
960	1	-3487.61
961	1	41084.7
962	1	-23585.6
963	1	42505.6
964	1	56545.5
965	1	-29161.7
966	1	82884.3
967	1	-63139.6
968	1	89626.5
969	1	82049.1
970	1	-72652.8
971	1	-84571.8
972	1	-74134.8
973	1	66933
974	1	85385.4
975	1	49267.8
976	1	-12083.7
977	1	79608.3
978	1	-74519
979	1	45026
980	1	2232.64
981	1	74985.7
982	1	-92848.3
983	1	76079.9
984	1	2223.7
985	1	53266.7
986	1	86012.6
987	1	-56394.5
988	1	-43175.7
989	1	-37564.3
990	1	-72206.6
991	1	7725.33
992	1	19972.1
993	1	13284
994	1	48112
995	1	56765.9
996	1	-30289.2
997	1	93113.6
998	1	76262.6
999	1	98609.1
1000	1	-83629.5
1001	1	-29750.4
1002	1	-73272.5
1003	1	-17466.5
1004	1	27977.5
1005	1	-65453.7
1006	1	38343.5
1007	1	45132.3
1008	1	27254.3
1009	1	32349.5
1010	1	52932.7
1011	1	18324.2
1012	1	93419.1
1013	1	-54584
1014	1	-81069.6
1015	1	-62324.6
1016	1	24470.9
1017	1	90385.1
1018	1	98395.3
1019	1	90170.1
1020	1	-12712.1
1021	1	4143.17
1022	1	-59810.1
1023	1	-94288.4
1024	1	59140.5
1025	1	-68565.4
1026	1	-20579.3
1027	1	-80424.1
1028	1	9919.02
1029	1	71497.1
1030	1	-21092
1031	1	90681.8
1032	1	-49121.9
1033	1	-86049.7
1034	1	25588.2
1035	1	48476.6
1036	1	-76514.9
1037	1	-14451.4
1038	1	40665.7
1039	1	-84097.3
1040	1	-14357.1
1041	1	-85741
1042	1	-5408.1
1043	1	-64041.5
1044	1	96833.6
1045	1	-45015.6
1046	1	-34767.3
1047	1	-63122.7
1048	1	-90035.4
1049	1	-84212.1
1050	1	83512
1051	1	54365.9
1052	1	-40722
1053	1	28210.6
1054	1	-57402.6
1055	1	60299.8
1056	1	88697.4
1057	1	5456.19
1058	1	-15247.4
1059	1	67095.5
1060	1	-98742.6
1061	1	70736.4
1062	1	-90081.2
1063	1	8248.68
1064	1	-99.411
1065	1	48140.3
1066	1	-35247.1
1067	1	27381.1
1068	1	13808
1069	1	-859.676
1070	1	68841.3
1071	1	78036.6
1072	1	664.077
1073	1	-36338.8
1074	1	27284.3
1075	1	61200.1
1076	1	-24830.6
1077	1	-5066.74
1078	1	12245.4
1079	1	-41411.7
1080	1	-94390.8
1081	1	-64226
1082	1	-13687
1083	1	-66104.1
1084	1	-74327.6
1085	1	-95492.4
1086	1	-94256.2
1087	1	-87360.6
1088	1	61078.1
1089	1	-3242.78
1090	1	30797.7
1091	1	-37109.6
1092	1	-81141.8
1093	1	-42629.8
1094	1	22218
1095	1	42202.5
1096	1	-37323.7
1097	1	-11845.3
1098	1	-83363.2
1099	1	-22722.3
1100	1	30879.3
1101	1	-86888.8
1102	1	61264.5
1103	1	83977.7
1104	1	-37540
1105	1	29181.8
1106	1	-78151.5
1107	1	98854.5
1108	1	6333.71
1109	1	-11160
1110	1	86318
1111	1	8205.64
1112	1	26855.8
1113	1	-69604.7
1114	1	36408.6
1115	1	-70501.4
1116	1	-31912.4
1117	1	89318.7
1118	1	82391.6
1119	1	-65620.7
1120	1	63484.3
1121	1	-58731.6
1122	1	-42381.5
1123	1	9321.94
1124	1	46797.4
1125	1	80971.5
1126	1	-6188.73
1127	1	14857.3
1128	1	83086.8
1129	1	-43173.7
1130	1	-34846
1131	1	18963.4
1132	1	-53418.6
1133	1	-8113.12
1134	1	80682.4
1135	1	-54294
1136	1	4714.16
1137	1	-75735.1
1138	1	49006.4
1139	1	-38478
1140	1	-71566.5
1141	1	83235.4
1142	1	20965.6
1143	1	-52217.5
1144	1	17958.1
1145	1	59556.6
1146	1	35067.2
1147	1	-59914.6
1148	1	1166.96
1149	1	-37389.8
1150	1	-78666.6
1151	1	85969.8
1152	1	-64372
1153	1	-72796.9
1154	1	-87209.3
1155	1	-65671
1156	1	-2870.16
1157	1	24862.8
1158	1	-31538.2
1159	1	46841.5
1160	1	-94621.5
1161	1	90869.9
1162	1	-4486.14
1163	1	-41486.4
1164	1	1269.17
1165	1	-49244.3
1166	1	-49705.5
1167	1	-96937.8
1168	1	-38622.8
1169	1	69750.9
1170	1	64519.9
1171	1	-47486.2
1172	1	32792.5
1173	1	-77464.3
1174	1	-46807.6
1175	1	69698.1
1176	1	56750.3
1177	1	-36993.8
1178	1	76672.3
1179	1	84784.5
1180	1	25930.1
1181	1	-57333.1
1182	1	7455.34
1183	1	-93353.3
1184	1	54661.6
1185	1	19271.3
1186	1	-45373.2
1187	1	55452
1188	1	-91814.5
1189	1	57381.6
1190	1	-32457.8
1191	1	49633.5
1192	1	32889.2
1193	1	94148
1194	1	-82689.2
1195	1	64178
1196	1	-45868.1
1197	1	80969.9
1198	1	88324.6
1199	1	76723.3
1200	1	-20988.3
1201	1	-46612.5
1202	1	52793.6
1203	1	-23968.3
1204	1	82605.2
1205	1	-80942.1
1206	1	-11291.5
1207	1	-39266.3
1208	1	9560.23
1209	1	54914.7
1210	1	-5202.65
1211	1	3136
1212	1	58882.9
1213	1	-49906.1
1214	1	85882.1
1215	1	-32751.8
1216	1	-53675.4
1217	1	79813.2
1218	1	-67673.1
1219	1	11712.6
1220	1	-27929.9
1221	1	3601.6
1222	1	-11919.3
1223	1	39543.2
1224	1	19645.3
1225	1	56004.6
1226	1	-7489.07
1227	1	61015.1
1228	1	2503.56
1229	1	-53562.4
1230	1	28694.3
1231	1	36156.2
1232	1	-62757.4
1233	1	82346.5
1234	1	76825.6
1235	1	-78787
1236	1	-67767.9
1237	1	43878.4
1238	1	-49577.2
1239	1	-50428.7
1240	1	1577
1241	1	-78592.8
1242	1	51635.8
1243	1	-74846.7
1244	1	34811
1245	1	-11376.6
1246	1	5332.19
1247	1	42566.5
1248	1	83086.6
1249	1	-76086.6
1250	1	-7362.9
1251	1	44998.7
1252	1	87299.1
1253	1	33131
1254	1	-16924.3
1255	1	-63531.5
1256	1	6511.53
1257	1	-63654.2
1258	1	-21796.6
1259	1	-87000.6
1260	1	-43697
1261	1	75957.6
1262	1	63123.6
1263	1	-47516.8
1264	1	40023.6
1265	1	38921.6
1266	1	98103.8
1267	1	-46784
1268	1	96504.9
1269	1	70734.1
1270	1	34519.4
1271	1	6876.63
1272	1	-9193.42
1273	1	-76438.8
1274	1	39295.3
1275	1	-62288
1276	1	18756.6
1277	1	-2080.48
1278	1	15110.8
1279	1	26029.5
1280	1	-98703
1281	1	88298.5
1282	1	96015.9
1283	1	11597.8
1284	1	-77764.3
1285	1	-92840.8
1286	1	33618.3
1287	1	-25549
1288	1	-25161.9
1289	1	-13778.7
1290	1	-26217.1
1291	1	60107
1292	1	-59068.5
1293	1	6327.13
1294	1	91125.3
1295	1	-16510.8
1296	1	28572.6
1297	1	-35391.4
1298	1	97.9338
1299	1	-55370.2
1300	1	9143.64
1301	1	28112.9
1302	1	47753.9
1303	1	-74854.4
1304	1	-61094.5
1305	1	-64737.2
1306	1	-75229.9
1307	1	-31675
1308	1	-99740.6
1309	1	73687.5
1310	1	53500.8
1311	1	68244.3
1312	1	-82595.3
1313	1	-49495.6
1314	1	686.141
1315	1	71855.6
1316	1	93763.8
1317	1	-3697.01
1318	1	82145.3
1319	1	-11992.4
1320	1	-16126.2
1321	1	-23835.7
1322	1	99373.5
1323	1	52183.7
1324	1	56080.5
1325	1	-912.626
1326	1	86006.8
1327	1	97732.8
1328	1	-14749.4
1329	1	-58096.9
1330	1	507.318
1331	1	31447.4
1332	1	-87275.4
1333	1	40078.9
1334	1	88902.6
1335	1	22197.4
1336	1	-41569
1337	1	-47397.2
1338	1	-5926.7
1339	1	-77213
1340	1	43375.1
1341	1	22684.9
1342	1	-85832.2
1343	1	85108.1
1344	1	-74343.5
1345	1	-86656.7
1346	1	6687.25
1347	1	-47330.8
1348	1	-56435.2
1349	1	-77437.5
1350	1	-34783.1
1351	1	47538.9
1352	1	62654.2
1353	1	-80454.2
1354	1	30255.4
1355	1	-21407
1356	1	-33462.3
1357	1	-26190.4
1358	1	77129.4
1359	1	-53425
1360	1	99150.6
1361	1	50135.9
1362	1	-48162.3
1363	1	-30146.2
1364	1	-49991.8
1365	1	32137.6
1366	1	25280.1
1367	1	-5340.68
1368	1	-78901.2
1369	1	-97767.8
1370	1	-11814.7
1371	1	54483.7
1372	1	40234.2
1373	1	-8774.69
1374	1	-58282.4
1375	1	26349.9
1376	1	-27326.6
1377	1	-54280
1378	1	-28871.4
1379	1	50775.8
1380	1	82285.7
1381	1	-11732.8
1382	1	84920.4
1383	1	52152.4
1384	1	32628
1385	1	-44468.5
1386	1	-9808.12
1387	1	-95922.2
1388	1	-63857.7
1389	1	53087.9
1390	1	-5151.79
1391	1	89247.8
1392	1	43454.1
1393	1	-56114.6
1394	1	85989.6
1395	1	-97657
1396	1	30533.4
1397	1	-34058.3
1398	1	50384.7
1399	1	48431.8
1400	1	87499.7
1401	1	66373.5
1402	1	-91681.4
1403	1	769.181
1404	1	-64610.1
1405	1	62693.9
1406	1	-62336.1
1407	1	-62701.6
1408	1	-32094.9
1409	1	-94429.1
1410	1	-44101.8
1411	1	-43518.7
1412	1	-29263.7
1413	1	47447.1
1414	1	35375.2
1415	1	-88784.1
1416	1	85352.3
1417	1	19243.7
1418	1	9602.65
1419	1	32983.7
1420	1	-95938.7
1421	1	90219.3
1422	1	-84582.1
1423	1	24952.8
1424	1	-67109.5
1425	1	77782.6
1426	1	25927.7
1427	1	84643.1
1428	1	5574.5
1429	1	50952.5
1430	1	-29757.2
1431	1	-14104.8
1432	1	85020.2
1433	1	70084.8
1434	1	37470.2
1435	1	46755.6
1436	1	44774.4
1437	1	-98428.4
1438	1	-76060.2
1439	1	-19493.2
1440	1	90014.8
1441	1	72464.2
1442	1	74465
1443	1	5755.24
1444	1	38048.6
1445	1	89672
1446	1	42407.3
1447	1	23684.1
1448	1	-17123.5
1449	1	-12784.6
1450	1	74275.4
1451	1	-13835
1452	1	-57852.9
1453	1	-18546.2
1454	1	61952.1
1455	1	21170.9
1456	1	-37771.6
1457	1	9600.25
1458	1	41563.8
1459	1	-25372
1460	1	68273.2
1461	1	54836.5
1462	1	37446.6
1463	1	-96329.1
1464	1	-89805.9
1465	1	-50740.7
1466	1	-18010.3
1467	1	82721.7
1468	1	-14669.6
1469	1	57949.8
1470	1	-64823.6
1471	1	-81078.6
1472	1	-5295.68
1473	1	38465.4
1474	1	21861.4
1475	1	67062.9
1476	1	-34769.2
1477	1	-60989.4
1478	1	66057.6
1479	1	28895.7
1480	1	6125.25
1481	1	83575.4
1482	1	-53611.3
1483	1	19134.4
1484	1	99451.3
1485	1	71339
1486	1	-41519.4
1487	1	80349.1
1488	1	25581.4
1489	1	40045.9
1490	1	-49702.1
1491	1	30936.9
1492	1	31044.5
1493	1	-17834.6
1494	1	-52333.4
1495	1	-83890.8
1496	1	29134
1497	1	-76143.9
1498	1	5864.36
1499	1	-32436.8
1500	1	-93850.9
1501	1	-54904.3
1502	1	-68261.3
1503	1	58398.2
1504	1	-20897.2
1505	1	-77504.4
1506	1	-92024.4
1507	1	8426.78
1508	1	-37601.2
1509	1	-86108.6
1510	1	-81512.3
1511	1	-28780.2
1512	1	-18189.8
1513	1	57371.4
1514	1	-3351.15
1515	1	61589.7
1516	1	-88921.4
1517	1	-57841
1518	1	-62680.2
1519	1	45201.8
1520	1	-6556.63
1521	1	-35822.9
1522	1	-79231.3
1523	1	89080.9
1524	1	-68526.1
1525	1	-33973.4
1526	1	-80608.7
1527	1	1011.6
1528	1	-1290.24
1529	1	98532
1530	1	29237.3
1531	1	83617.6
1532	1	43706.9
1533	1	79980.2
1534	1	-6367.82
1535	1	34970.8
1536	1	23048.4
1537	1	64044
1538	1	-93654.1
1539	1	14430.6
1540	1	-53282.8
1541	1	-12393
1542	1	-65792.7
1543	1	-91803.6
1544	1	-33392.5
1545	1	53824.8
1546	1	20731.1
1547	1	98156.1
1548	1	-88302.1
1549	1	-89335.6
1550	1	-75932.2
1551	1	-30415
1552	1	-95203.9
1553	1	89733.9
1554	1	76835.3
1555	1	-42737.9
1556	1	-70066.6
1557	1	72148.9
1558	1	21281.7
1559	1	-89892.1
1560	1	-40487
1561	1	76319.5
1562	1	-97034.2
1563	1	2295.57
1564	1	-13167.8
1565	1	-40710.9
1566	1	-5021.11
1567	1	41978
1568	1	32922.2
1569	1	-78610
1570	1	-52819.6
1571	1	27132.7
1572	1	22564.2
1573	1	53157.4
1574	1	30148
1575	1	-32586.8
1576	1	-56459.2
1577	1	-33567.6
1578	1	-89975.8
1579	1	-67488
1580	1	76507.9
1581	1	-76812.9
1582	1	-42440.7
1583	1	-78991.7
1584	1	-44659.8
1585	1	-20575.8
1586	1	-23666.4
1587	1	17758.7
1588	1	90839.9
1589	1	78439
1590	1	49688.6
1591	1	99427.3
1592	1	-94498.3
1593	1	48291.8
1594	1	17161.4
1595	1	73906.6
1596	1	-17864.5
1597	1	-80459.1
1598	1	-87640.2
1599	1	-81920.7
1600	1	55761
1601	1	-43058.8
1602	1	-40051.5
1603	1	-22211.5
1604	1	40224.3
1605	1	-46610.8
1606	1	-93004.2
1607	1	-61987.3
1608	1	44468.6
1609	1	-85095.1
1610	1	-1848.85
1611	1	60856.3
1612	1	-77298.2
1613	1	55289.4
1614	1	-50865.8
1615	1	-86638.4
1616	1	-26639.3
1617	1	3337.12
1618	1	41886.5
1619	1	-65010.9
1620	1	95954.5
1621	1	-19859.4
1622	1	-14253.4
1623	1	-55934.2
1624	1	49103.6
1625	1	-77641.8
1626	1	12429.8
1627	1	-94074.5
1628	1	81307.9
1629	1	56697.9
1630	1	62718.6
1631	1	54131.6
1632	1	-46094
1633	1	-26029.6
1634	1	82574.3
1635	1	66498.6
1636	1	-75837.8
1637	1	-63591.4
1638	1	-98194.5
1639	1	29584.5
1640	1	84576.4
1641	1	70580.3
1642	1	61744.1
1643	1	-13126.9
1644	1	-75542.6
1645	1	26674.6
1646	1	-23730.5
1647	1	-62681.6
1648	1	211.266
1649	1	-19585.6
1650	1	-22337.5
1651	1	-9566.7
1652	1	-65060.6
1653	1	96812.5
1654	1	-5635.53
1655	1	10112.2
1656	1	62746.3
1657	1	-81810.6
1658	1	58021.7
1659	1	-58780.7
1660	1	1710.81
1661	1	-90291.5
1662	1	-87160
1663	1	6887.9
1664	1	90377
1665	1	97744
1666	1	73456.9
1667	1	74196.8
1668	1	-63830.9
1669	1	35211.4
1670	1	46463.6
1671	1	-69859.7
1672	1	-94530.6
1673	1	-69746
1674	1	-75211.1
1675	1	-84668.3
1676	1	39945.1
1677	1	89730.6
1678	1	-46821.5
1679	1	-33845.4
1680	1	-67748.9
1681	1	66634.7
1682	1	-61620.1
1683	1	33419
1684	1	51646
1685	1	-75455.4
1686	1	86456.6
1687	1	-43974
1688	1	-8651.37
1689	1	53765.3
1690	1	74783.9
1691	1	-72885.8
1692	1	80178.3
1693	1	-92599.3
1694	1	-89067.6
1695	1	-70196.6
1696	1	20149.8
1697	1	55392.1
1698	1	80999.9
1699	1	21690.2
1700	1	72643.5
1701	1	73312.3
1702	1	86632.3
1703	1	-93798.3
1704	1	-92958.5
1705	1	-9515.5
1706	1	-31909.4
1707	1	17800.1
1708	1	-53036.3
1709	1	-93651.5
1710	1	67893.2
1711	1	11855.6
1712	1	90382.3
1713	1	35965.5
1714	1	-86161.8
1715	1	76809.7
1716	1	77474.7
1717	1	89372.5
1718	1	88015.4
1719	1	4194.39
1720	1	89270
1721	1	-15872.5
1722	1	-17215
1723	1	-82748.6
1724	1	-36918.1
1725	1	23711.6
1726	1	12296.9
1727	1	-56107.6
1728	1	-36960
1729	1	-50476.5
1730	1	97006.4
1731	1	29832.3
1732	1	51762.4
1733	1	98932
1734	1	-23166.6
1735	1	-41975
1736	1	43128.8
1737	1	88255
1738	1	-54915.7
1739	1	-10407.2
1740	1	52844.4
1741	1	-5944.79
1742	1	-18721.6
1743	1	53500.1
1744	1	67301.9
1745	1	-51842.2
1746	1	7683.51
1747	1	-89164.3
1748	1	56390
1749	1	7247.52
1750	1	-11991.4
1751	1	-8285.93
1752	1	-9072.87
1753	1	-51010.8
1754	1	-27464.1
1755	1	-67545.8
1756	1	95903
1757	1	6677.55
1758	1	-27960.6
1759	1	55531.4
1760	1	-59909.9
1761	1	9949.61
1762	1	42752.7
1763	1	-14857.6
1764	1	28239.8
1765	1	-42111.5
1766	1	-45969
1767	1	12059.4
1768	1	86105.2
1769	1	-6821.44
1770	1	-28793.5
1771	1	-15558.7
1772	1	67127.4
1773	1	-6662.75
1774	1	-96966.7
1775	1	-41559.6
1776	1	-1305.71
1777	1	-92060.9
1778	1	-70025.5
1779	1	69863
1780	1	-96125.5
1781	1	81677.2
1782	1	30309.9
1783	1	-65186.9
1784	1	-7955.56
1785	1	41755.8
1786	1	57024.7
1787	1	75092.9
1788	1	-81490.2
1789	1	54497.3
1790	1	-21626.6
1791	1	-14547.3
1792	1	95448.1
1793	1	54044.5
1794	1	546.455
1795	1	-16828.5
1796	1	-96023.6
1797	1	377.982
1798	1	26816
1799	1	62664.3
1800	1	65040.5
1801	1	80968.7
1802	1	-62158.3
1803	1	-81167.5
1804	1	85170
1805	1	77084.1
1806	1	19921.6
1807	1	53326.5
1808	1	-88183.9
1809	1	-62753.3
1810	1	9383.77
1811	1	38342
1812	1	-46180.5
1813	1	33598.4
1814	1	65477.9
1815	1	-17278.9
1816	1	8705.08
1817	1	-33484.1
1818	1	-54971.6
1819	1	-51195.6
1820	1	53187.8
1821	1	-58653.3
1822	1	36571.9
1823	1	-58779.5
1824	1	34905
1825	1	-6534.56
1826	1	92177.1
1827	1	-84957.2
1828	1	44090.2
1829	1	-74815.2
1830	1	-31488
1831	1	87982.5
1832	1	-33514.2
1833	1	71042.3
1834	1	47446.5
1835	1	-12048.1
1836	1	-96332.4
1837	1	-44302.3
1838	1	26840.7
1839	1	72152.3
1840	1	-36156.7
1841	1	61979.5
1842	1	27909.6
1843	1	58505
1844	1	-3911.61
1845	1	-48900.3
1846	1	42589.4
1847	1	-26593.7
1848	1	-34698
1849	1	-81628.8
1850	1	81036.6
1851	1	-41408.7
1852	1	-83419.9
1853	1	-91630.5
1854	1	31790.4
1855	1	99226.2
1856	1	-40310.6
1857	1	26143.7
1858	1	79125.7
1859	1	-68724.9
1860	1	2196.5
1861	1	91897.7
1862	1	95872.9
1863	1	-18133.6
1864	1	28344.2
1865	1	-37837.1
1866	1	-87159.4
1867	1	45013.5
1868	1	-58149.8
1869	1	72786.4
1870	1	72783.8
1871	1	29692.7
1872	1	38804.2
1873	1	93523
1874	1	-76763.9
1875	1	-33038.2
1876	1	10105.6
1877	1	89332
1878	1	37222.6
1879	1	69581.4
1880	1	91248.7
1881	1	-11674.9
1882	1	41029.5
1883	1	68242
1884	1	83828.2
1885	1	91292.9
1886	1	-75226.2
1887	1	-55881.8
1888	1	24970.7
1889	1	-40890.3
1890	1	74673.1
1891	1	82854.3
1892	1	-86516.1
1893	1	-59131.9
1894	1	-87456.6
1895	1	81420.8
1896	1	-60635.3
1897	1	59284.1
1898	1	-36387.2
1899	1	35214.8
1900	1	-69912.2
1901	1	-27096.7
1902	1	-84613.4
1903	1	-27571.4
1904	1	82320.9
1905	1	29913.8
1906	1	-24872.3
1907	1	-10066.5
1908	1	-22147.3
1909	1	-27814.4
1910	1	-87334
1911	1	93228.5
1912	1	-19387.3
1913	1	71818.3
1914	1	20746.6
1915	1	-30165.9
1916	1	165.234
1917	1	66652.2
1918	1	-1096.97
1919	1	15808
1920	1	35436.4
1921	1	47850.2
1922	1	-98251.4
1923	1	-24657.3
1924	1	941.812
1925	1	7138.11
1926	1	50241
1927	1	81009.7
1928	1	76826.5
1929	1	-57262.3
1930	1	59383
1931	1	2013.39
1932	1	-61455.7
1933	1	-42421.8
1934	1	25296.8
1935	1	42004.3
1936	1	62652.2
1937	1	-87940
1938	1	28566.6
1939	1	78366.6
1940	1	71654
1941	1	78852.2
1942	1	-50993.9
1943	1	-68628.8
1944	1	-97015.1
1945	1	3584.29
1946	1	-85372.6
1947	1	-38522.8
1948	1	1475.94
1949	1	87973.1
1950	1	74683
1951	1	83377
1952	1	-3382.82
1953	1	-68100.2
1954	1	34329.8
1955	1	-24722.6
1956	1	59349.4
1957	1	95199.1
1958	1	49401.9
1959	1	27484.7
1960	1	-74231.8
1961	1	-50127.2
1962	1	-64520.4
1963	1	-77060.6
1964	1	2608.34
1965	1	95193.5
1966	1	-64600.9
1967	1	-35466.9
1968	1	12557.6
1969	1	-36819.7
1970	1	89712.3
1971	1	73367.2
1972	1	75485.1
1973	1	92911.9
1974	1	91280.9
1975	1	44475.7
1976	1	-28207.5
1977	1	56257.2
1978	1	-8136.32
1979	1	-46057.4
1980	1	-85511.2
1981	1	-55046.5
1982	1	-19910.9
1983	1	30189.1
1984	1	-6971.2
1985	1	-28039.2
1986	1	-85768.9
1987	1	-76853.9
1988	1	50864.5
1989	1	-38710.8
1990	1	-94570.2
1991	1	37202.4
1992	1	48332.8
1993	1	-66852.9
1994	1	99336.6
1995	1	-25863.2
1996	1	-43797.2
1997	1	22946.1
1998	1	40329.9
1999	1	-34467.8
2000	1	14300.7
2001	1	-32088.5
2002	1	35161
2003	1	-92469.9
2004	1	54033.6
2005	1	-66146.3
2006	1	49052.1
2007	1	9253.39
2008	1	-93952.1
2009	1	3402.91
2010	1	22665.1
2011	1	34467.7
2012	1	99147.9
2013	1	-81685.6
2014	1	-52062.1
2015	1	-13712.9
2016	1	81028.2
2017	1	20502.6
2018	1	71393.7
2019	1	-4515.6
2020	1	49383.3
2021	1	83917.9
2022	1	26128.2
2023	1	60726.4
2024	1	-24430.6
2025	1	-11250.9
2026	1	-74820.3
2027	1	-75945.8
2028	1	-45784.8
2029	1	-38585.1
2030	1	14821.9
2031	1	-99942.1
2032	1	9260.88
2033	1	-90868.7
2034	1	47913.1
2035	1	-27421.3
2036	1	-1303.98
2037	1	65770.9
2038	1	91663.6
2039	1	-14246.8
2040	1	-76154.3
2041	1	3067.23
2042	1	92024
2043	1	89213.2
2044	1	85364
2045	1	-78397.8
2046	1	5794.47
2047	1	-90438.9
2048	1	32559.2
2049	1	-68101.8
2050	1	-23179.1
2051	1	62871.8
2052	1	99297.8
2053	1	98451.4
2054	1	14802.7
2055	1	-32906.3
2056	1	51540.7
2057	1	-55967.1
2058	1	91812.9
2059	1	-20408.8
2060	1	369.686
2061	1	78628.5
2062	1	-98722.4
2063	1	-49290.1
2064	1	-31609.7
2065	1	57738.1
2066	1	-49498.4
2067	1	-91323.1
2068	1	5076.26
2069	1	-98495.3
2070	1	-13764
2071	1	70136
2072	1	56148.8
2073	1	-23795.6
2074	1	44450
2075	1	59524.3
2076	1	55744.7
2077	1	-54936.8
2078	1	-77880.5
2079	1	27813.5
2080	1	37726.4
2081	1	23444.9
2082	1	-32145.6
2083	1	-79267.8
2084	1	-54873.3
2085	1	52610.8
2086	1	81264.5
2087	1	78134.3
2088	1	-6375.27
2089	1	5758.62
2090	1	-80809.3
2091	1	16582.7
2092	1	-60249.7
2093	1	17539.7
2094	1	-11186
2095	1	92190.4
2096	1	37808.4
2097	1	-8407.6
2098	1	-44615.6
2099	1	-4538.15
2100	1	69614.7
2101	1	5971.46
2102	1	-81702.6
2103	1	95136.5
2104	1	81078
2105	1	25226.7
2106	1	52977
2107	1	-67269.8
2108	1	-88125.8
2109	1	-24475.3
2110	1	24490.3
2111	1	-90247.5
2112	1	-1282.36
2113	1	94388.6
2114	1	-56543.9
2115	1	-39836.9
2116	1	30376
2117	1	-90397.9
2118	1	75268.6
2119	1	50567.6
2120	1	57908.8
2121	1	76377.6
2122	1	75116.6
2123	1	33948.9
2124	1	18685.3
2125	1	56047
2126	1	-87069.5
2127	1	-29670.6
2128	1	61898.5
2129	1	32749.5
2130	1	-17877.3
2131	1	68067.8
2132	1	-37894
2133	1	-71856.6
2134	1	-79100.1
2135	1	6944.65
2136	1	40131.3
2137	1	73009.4
2138	1	-25362.6
2139	1	-83547.9
2140	1	-75014.5
2141	1	-25009.9
2142	1	98698.4
2143	1	-23110.7
2144	1	-35069.7
2145	1	7866.79
