2401	1	2401
1	1	-23889.4
2	1	81979.9
3	1	-27621.3
4	1	-43847.1
5	1	27378.2
6	1	-12981.5
7	1	65566.9
8	1	78986.5
9	1	65708.8
10	1	26096.6
11	1	-63594.5
12	1	2186.15
13	1	25146.1
14	1	62519.5
15	1	73111.9
16	1	59890.3
17	1	-53579
18	1	-57276.3
19	1	-48966.8
20	1	-63700.2
21	1	74970.3
22	1	29395.9
23	1	-22952.6
24	1	-19404.8
25	1	-71530.8
26	1	94869
27	1	46999.3
28	1	-22462.6
29	1	-75917.1
30	1	-19947.8
31	1	-70952.9
32	1	54668.5
33	1	98720
34	1	45889.4
35	1	-57524.4
36	1	-23086.7
37	1	-22665.7
38	1	44312.1
39	1	5606.14
40	1	-37540.8
41	1	-34960.5
42	1	-17165.5
43	1	39508.7
44	1	-8789.83
45	1	-51896.9
46	1	68253.8
47	1	-42533.9
48	1	72226.1
49	1	2847.58
50	1	-51400.3
51	1	-65053.5
52	1	-78237.3
53	1	-93253.5
54	1	66789.5
55	1	-40294.5
56	1	-16799.4
57	1	-77980.7
58	1	3886.32
59	1	40907.4
60	1	-6976.75
61	1	-60029.8
62	1	-5752.61
63	1	-5566.89
64	1	-64725.5
65	1	43551.8
66	1	3146.93
67	1	-36227.6
68	1	8298.77
69	1	-41116.4
70	1	-71828.1
71	1	77813.7
72	1	84816.1
73	1	6328.48
74	1	79504.4
75	1	23127.1
76	1	-74510.8
77	1	66119.3
78	1	59238.5
79	1	43010.5
80	1	72319.3
81	1	-34469.1
82	1	65524.7
83	1	12077.1
84	1	36415.7
85	1	18546.5
86	1	-90796.1
87	1	-76141
88	1	-19369
89	1	-163.453
90	1	-51948.3
91	1	90800.1
92	1	84202.7
93	1	68040
94	1	-46604.4
95	1	-42756
96	1	-75012
97	1	73589.9
98	1	2530.5
99	1	-96804.5
100	1	-72971.4
101	1	-1333.9
102	1	-44804.8
103	1	-65127.7
104	1	90272
105	1	603.534
106	1	-6500.09
107	1	-96522.5
108	1	-27944.3
109	1	-58435.9
110	1	-31791.6
111	1	-71422.4
112	1	-54182.6
113	1	22822
114	1	87581.8
115	1	-56043.5
116	1	-8936.6
117	1	54858.2
118	1	-56804.5
119	1	92068.4
120	1	9958.02
121	1	-36629.9
122	1	-5508
123	1	26446.1
124	1	-38866
125	1	693.246
126	1	50756.7
127	1	31764.2
128	1	32536.6
129	1	95239.9
130	1	45789.4
131	1	93432.6
132	1	11604.3
133	1	-61925.6
134	1	-12542.7
135	1	-61135.7
136	1	41124.9
137	1	32238
138	1	-33958.1
139	1	59485.1
140	1	99013.6
141	1	-9260.45
142	1	-98411.1
143	1	-95679
144	1	-47810
145	1	89493.5
146	1	-47511.5
147	1	-80913.1
148	1	-61553.8
149	1	60420.4
150	1	87470.9
151	1	-38106.6
152	1	-44615.1
153	1	94571.1
154	1	41492.1
155	1	-91814.3
156	1	-87678.7
157	1	-14855
158	1	-16169.3
159	1	-89510.5
160	1	22558.3
161	1	-13282.1
162	1	-7444.12
163	1	98781.4
164	1	-96404.3
165	1	9938.7
166	1	97050.4
167	1	40127.9
168	1	-73312.7
169	1	-39778.3
170	1	-93084
171	1	-82058.2
172	1	71070.1
173	1	30379.6
174	1	43638.5
175	1	58877.6
176	1	64116.4
177	1	-37837.3
178	1	-35099.3
179	1	34.8201
180	1	57911.4
181	1	13193.8
182	1	-94329.8
183	1	-78127.9
184	1	-48111
185	1	22969.4
186	1	57680
187	1	76323.7
188	1	50888.5
189	1	-83854.2
190	1	64714.2
191	1	52150
192	1	21229.3
193	1	-16375.7
194	1	-21204.7
195	1	-93490.7
196	1	-31824.3
197	1	-97143.7
198	1	-57336.5
199	1	-44993.1
200	1	73713.9
201	1	36753.9
202	1	-62554.4
203	1	67946.2
204	1	-45369.8
205	1	1788.69
206	1	-10220
207	1	85077.8
208	1	18257.3
209	1	2537.07
210	1	-36033.5
211	1	-87039.8
212	1	-79519.9
213	1	64439.4
214	1	81218.4
215	1	76175.8
216	1	49347.2
217	1	79287.4
218	1	-81163.1
219	1	-10505.1
220	1	-18938
221	1	-47422.3
222	1	-45554.8
223	1	15900.3
224	1	49002.8
225	1	-33058.4
226	1	13871.3
227	1	-25601.4
228	1	29690
229	1	76525.5
230	1	-88472.6
231	1	88406.3
232	1	-54211.5
233	1	47594.7
234	1	28390.9
235	1	-33505.3
236	1	21011.6
237	1	-66849.1
238	1	6051.73
239	1	-19364.7
240	1	-44815.3
241	1	-23173.3
242	1	-24350.7
243	1	-32660.6
244	1	-26558.1
245	1	8949.91
246	1	-28565.6
247	1	38098.8
248	1	-84887.4
249	1	-66003.1
250	1	53123.3
251	1	-61291.8
252	1	69262.2
253	1	72723.3
254	1	64639.1
255	1	26522.6
256	1	-68978.7
257	1	-79699.3
258	1	-92060.4
259	1	36492.6
260	1	61702
261	1	-94148.4
262	1	11708.4
263	1	89914.6
264	1	-29516.3
265	1	66003.8
266	1	66207.5
267	1	-77109.7
268	1	10447.8
269	1	-13646
270	1	-70397.1
271	1	-25417
272	1	5985.13
273	1	-22852.5
274	1	19763.9
275	1	-31846.5
276	1	54120.8
277	1	43186.5
278	1	94918.6
279	1	-88142.8
280	1	-70484.3
281	1	35720.6
282	1	-6494.69
283	1	-98476.2
284	1	-74177.2
285	1	-99100
286	1	-32518.4
287	1	7768.02
288	1	26108.7
289	1	96262.8
290	1	40015.6
291	1	8402.36
292	1	-95716
293	1	-26620.6
294	1	-96139.4
295	1	11005.1
296	1	29589
297	1	96963.4
298	1	94477.1
299	1	-4407.22
300	1	-170.926
301	1	-26399.6
302	1	-59188.7
303	1	1408.51
304	1	-98.4915
305	1	-98336.1
306	1	-58948.9
307	1	-26304.2
308	1	-62221.8
309	1	2127.98
310	1	74245.5
311	1	-4984.5
312	1	39725
313	1	52567.5
314	1	34154.6
315	1	57959.3
316	1	43241.5
317	1	67982.8
318	1	-74613.6
319	1	68917.2
320	1	16953.2
321	1	-43535.5
322	1	17439.7
323	1	-97832.8
324	1	36908.6
325	1	69376.1
326	1	-18485.3
327	1	-14721.6
328	1	98006.2
329	1	94960.9
330	1	-62804.3
331	1	45731.3
332	1	-3633.35
333	1	7468.4
334	1	-52516.6
335	1	19134.7
336	1	-43639.7
337	1	-32929.2
338	1	1850.19
339	1	-73544.8
340	1	-83019.6
341	1	-3642.97
342	1	14410.6
343	1	9987.25
344	1	76520.2
345	1	80428.6
346	1	-94302.2
347	1	44949.6
348	1	-10770.9
349	1	-64508.1
350	1	33638.4
351	1	29640.3
352	1	-73435.7
353	1	-72550.6
354	1	-8753.19
355	1	-55701.9
356	1	18047.2
357	1	65181.4
358	1	-61579.4
359	1	5302.51
360	1	6341.65
361	1	1332.33
362	1	96750.5
363	1	50828.8
364	1	20092.6
365	1	-51286.8
366	1	-62138.6
367	1	-23898.1
368	1	67487.8
369	1	17557.7
370	1	10415.3
371	1	66088
372	1	-936.413
373	1	30886.1
374	1	19755.9
375	1	3277.89
376	1	-94835.9
377	1	42637.8
378	1	83398.9
379	1	66955.1
380	1	85389.5
381	1	34037
382	1	-22777.1
383	1	-72694.2
384	1	-3359.62
385	1	67907.9
386	1	-19947.6
387	1	30437.9
388	1	-83725
389	1	-84113.9
390	1	57071.3
391	1	-18432.1
392	1	34543.3
393	1	-38999.8
394	1	13095.2
395	1	64111.9
396	1	72515.1
397	1	-44861
398	1	16138.5
399	1	-97403.5
400	1	-59675.2
401	1	-14455.1
402	1	-21611
403	1	18172.3
404	1	-61537.7
405	1	60880.1
406	1	-22117.7
407	1	70104.6
408	1	-14641.1
409	1	29474
410	1	99014.9
411	1	71168.6
412	1	-50989.9
413	1	81329.1
414	1	23505.5
415	1	66671.1
416	1	-25751
417	1	13270.5
418	1	33750
419	1	-75342.8
420	1	-51478.9
421	1	24557.1
422	1	34776.9
423	1	-36104.4
424	1	-33690.3
425	1	-46261.7
426	1	-86908.4
427	1	86500.2
428	1	92482.6
429	1	-43159.7
430	1	59036.3
431	1	30492.9
432	1	-73246.1
433	1	54215.9
434	1	80821.8
435	1	-34717.5
436	1	-71565.6
437	1	75526.3
438	1	-56133.4
439	1	8978.47
440	1	-53488.2
441	1	26179.8
442	1	49268.6
443	1	60603
444	1	-79709.9
445	1	83629.7
446	1	-71622.1
447	1	2355.34
448	1	-36925.2
449	1	-90084.7
450	1	-76146.1
451	1	-22505
452	1	48558.4
453	1	-59302.4
454	1	-29561.4
455	1	9076.58
456	1	-44125.9
457	1	8955.16
458	1	56147.4
459	1	-45237.2
460	1	59654.7
461	1	-34610.6
462	1	45971
463	1	36628.2
464	1	9834.9
465	1	-34532
466	1	-24482.2
467	1	-5755.57
468	1	-72928.6
469	1	57918.8
470	1	7101.64
471	1	-47708
472	1	-88881.9
473	1	88496.6
474	1	26344.1
475	1	-95129
476	1	59200.7
477	1	50373.2
478	1	-70901.4
479	1	-59806.4
480	1	10331.9
481	1	-46595.7
482	1	-46247.3
483	1	89882.9
484	1	39464.2
485	1	84807.7
486	1	64492.3
487	1	-23187.8
488	1	-94848
489	1	-38351
490	1	40827.5
491	1	84072.9
492	1	78370.1
493	1	-36225.7
494	1	3746.49
495	1	60404.2
496	1	-26496.2
497	1	-99992.5
498	1	-11427.9
499	1	-50323.7
500	1	84309.3
501	1	3250.52
502	1	74406.4
503	1	68137.2
504	1	-75300.9
505	1	34203.4
506	1	-95955.1
507	1	59383.4
508	1	-35399.9
509	1	8871.59
510	1	9211.47
511	1	86284
512	1	-8940.96
513	1	41173
514	1	-6338.19
515	1	22214.3
516	1	-6257.23
517	1	34001.4
518	1	15618
519	1	-33668.5
520	1	92623.1
521	1	71756.7
522	1	86694.6
523	1	-36324.8
524	1	34839.4
525	1	-71109.4
526	1	-61423.4
527	1	2832.26
528	1	-81016.4
529	1	63687.4
530	1	-14779.1
531	1	24388.7
532	1	64532.8
533	1	55411.5
534	1	-46198
535	1	85638.8
536	1	-73947.5
537	1	10739.2
538	1	49163.8
539	1	-80319.7
540	1	90726.5
541	1	-95488.1
542	1	-24951.4
543	1	62856.2
544	1	22452.6
545	1	11175.9
546	1	60088.8
547	1	66134.3
548	1	3727.98
549	1	-56149.7
550	1	-84628.1
551	1	-44875.3
552	1	-26449.5
553	1	-54361.4
554	1	-78048.1
555	1	-43101.6
556	1	7992.03
557	1	20855.8
558	1	64034.7
559	1	72420.5
560	1	55023.5
561	1	-1955.59
562	1	-88565.3
563	1	-2121.39
564	1	-10322.1
565	1	-69324.2
566	1	-45775.5
567	1	-18051.3
568	1	-25130.4
569	1	33538.5
570	1	-54427.4
571	1	39641
572	1	-73051.1
573	1	58631
574	1	-82943.3
575	1	-55444.6
576	1	17668.4
577	1	-63316.8
578	1	-70838.7
579	1	14571.6
580	1	-38633.7
581	1	10519.9
582	1	55360.7
583	1	-49465.2
584	1	-19302.7
585	1	36441.7
586	1	-37604.4
587	1	-66817.9
588	1	26382.3
589	1	-49004.5
590	1	77609.1
591	1	-8618.22
592	1	858.051
593	1	-95684.3
594	1	-20033
595	1	-56489.6
596	1	76114
597	1	-58055.1
598	1	47163.5
599	1	-70609.6
600	1	-9012.31
601	1	-69059.9
602	1	-69296.1
603	1	-82433.5
604	1	-47983.8
605	1	-73552.1
606	1	22342.5
607	1	-52025.8
608	1	97713.6
609	1	-94470.7
610	1	64690.8
611	1	48416.1
612	1	62409.3
613	1	71582.3
614	1	-88344
615	1	63658.9
616	1	-62050.1
617	1	65906.6
618	1	-636.979
619	1	-18067.5
620	1	-61643.7
621	1	64102.4
622	1	47140.8
623	1	42754.9
624	1	-29311.1
625	1	-1631.2
626	1	46292.1
627	1	-43226.6
628	1	65510
629	1	-66818.6
630	1	74607.1
631	1	56536.9
632	1	-75751.5
633	1	55697.1
634	1	-23376
635	1	36248.5
636	1	27094.6
637	1	-67222.9
638	1	59552.8
639	1	-70278.9
640	1	-84394.6
641	1	66100.4
642	1	5260.92
643	1	32302.2
644	1	80542.4
645	1	72503
646	1	-68918.4
647	1	41961.7
648	1	51607.7
649	1	-78906.9
650	1	-93719.2
651	1	19570.8
652	1	94192.6
653	1	12855.9
654	1	-90106
655	1	-77849
656	1	-63324.3
657	1	-31461
658	1	-30565.7
659	1	-72618.7
660	1	81848.6
661	1	30212.3
662	1	-56521.2
663	1	59442.1
664	1	67221.8
665	1	-87207.4
666	1	-35103.1
667	1	44020.6
668	1	74737
669	1	93286.1
670	1	32281.1
671	1	-69701.6
672	1	39336.1
673	1	29828.7
674	1	-24041.5
675	1	40875.8
676	1	-89455.6
677	1	-45058.9
678	1	-11757.7
679	1	5764.43
680	1	5940.31
681	1	-95901.8
682	1	-7816.04
683	1	-39722
684	1	-6369.1
685	1	-85519
686	1	26485.1
687	1	91373.8
688	1	-38308.6
689	1	-74663.7
690	1	-71606.9
691	1	-56333.5
692	1	-19621.7
693	1	-25556.8
694	1	40457.6
695	1	20539.6
696	1	83208.4
697	1	-15720.4
698	1	82014.4
699	1	22965.6
700	1	27051.4
701	1	-9695.08
702	1	37385.1
703	1	-40014.9
704	1	-45944.2
705	1	-73970.4
706	1	-74169.5
707	1	-63337.9
708	1	-62976.1
709	1	49371.6
710	1	-65828.6
711	1	-81396.6
712	1	-23700.2
713	1	-46026.5
714	1	-18688.8
715	1	-92299.8
716	1	4358.14
717	1	12613.3
718	1	25904.1
719	1	-20245.5
720	1	-24189
721	1	-59350.3
722	1	69291
723	1	72605.9
724	1	37349
725	1	87334.8
726	1	-52037.4
727	1	40175.5
728	1	12918.6
729	1	-54188.5
730	1	29350.4
731	1	7872.79
732	1	-54817.9
733	1	-65755.7
734	1	-75605.8
735	1	71473.4
736	1	42912.8
737	1	38611.2
738	1	-41852.9
739	1	-67557.2
740	1	18224.5
741	1	-91762.9
742	1	-78812.2
743	1	-95447
744	1	96510.2
745	1	-76804.8
746	1	-31645.7
747	1	-86881.8
748	1	-67776.6
749	1	27367.5
750	1	33830.8
751	1	57060.5
752	1	58074.2
753	1	-48847
754	1	-97270.7
755	1	-9715.31
756	1	-48548.4
757	1	-45720.4
758	1	93041.9
759	1	-39263.8
760	1	62115.8
761	1	80424
762	1	33776.4
763	1	72557.2
764	1	-74458.4
765	1	-47186.6
766	1	80214.3
767	1	-44329.1
768	1	-31022.2
769	1	-8168.52
770	1	95320.5
771	1	-54655
772	1	-66883.1
773	1	-57185.3
774	1	87067.9
775	1	71164.4
776	1	-11189.7
777	1	1912.67
778	1	97834
779	1	-24742.3
780	1	74490.4
781	1	-91079.4
782	1	-68667.3
783	1	42783.7
784	1	-54252.6
785	1	69487.1
786	1	80748.9
787	1	84346.4
788	1	17621.4
789	1	98881.8
790	1	-52863.5
791	1	80252.9
792	1	-95957.5
793	1	94822.9
794	1	7036.15
795	1	18399.1
796	1	-49479.8
797	1	93131.2
798	1	69937.7
799	1	-2420.17
800	1	-75573.5
801	1	-70839.6
802	1	88180.4
803	1	98073.8
804	1	-89593.1
805	1	-40479.8
806	1	52872.5
807	1	79371.3
808	1	58366.2
809	1	-20233.1
810	1	-44179.7
811	1	-31306.8
812	1	22110.7
813	1	8084.95
814	1	76860.5
815	1	94887.9
816	1	-27828.4
817	1	73729.3
818	1	-99040
819	1	-42832.8
820	1	-51385.4
821	1	68165.6
822	1	-9016.37
823	1	-84927.5
824	1	68363.7
825	1	-81481.8
826	1	71889.1
827	1	29175.7
828	1	-17658.1
829	1	-2314.83
830	1	-98118.1
831	1	-56950.6
832	1	21815.1
833	1	24495.2
834	1	-24559.7
835	1	-67505.5
836	1	-36278.8
837	1	-79076
838	1	-23839.8
839	1	-2485.59
840	1	56545.1
841	1	-1531.96
842	1	48395.1
843	1	84931.5
844	1	56451.7
845	1	68968.3
846	1	85508.7
847	1	41248.7
848	1	90375.5
849	1	-44600.1
850	1	-45159.3
851	1	-95314.5
852	1	-28617.9
853	1	-86851.6
854	1	-84150.7
855	1	65256
856	1	-27613.6
857	1	-98737.4
858	1	-49769.4
859	1	-27522.7
860	1	67044.4
861	1	68319.5
862	1	-14855.2
863	1	-48995.1
864	1	-18049.8
865	1	25192.4
866	1	58885.5
867	1	1318.51
868	1	-12658.4
869	1	68154.1
870	1	-84509.1
871	1	-22384.6
872	1	-77098
873	1	59368.7
874	1	-13415.4
875	1	95206.5
876	1	59455.2
877	1	41763.8
878	1	79792.1
879	1	-26738.2
880	1	62560
881	1	46198
882	1	-45313.5
883	1	86986.1
884	1	54854.9
885	1	22692.4
886	1	-27693.2
887	1	31144.2
888	1	-43401.8
889	1	-25211.7
890	1	93277.6
891	1	99387.2
892	1	90976
893	1	66710.7
894	1	-45966.9
895	1	68767.8
896	1	-55343.3
897	1	24291
898	1	-80007.4
899	1	19926.1
900	1	-2328.36
901	1	66316.5
902	1	-87128.2
903	1	52701.8
904	1	-13409.9
905	1	34752.2
906	1	53351.4
907	1	-37277.2
908	1	38238.8
909	1	94655.5
910	1	32367.8
911	1	14971.3
912	1	-80837.6
913	1	97179.5
914	1	48770.7
915	1	-18002.7
916	1	-72426.4
917	1	-97463
918	1	-46052.6
919	1	-82144.5
920	1	97060.4
921	1	-10457.3
922	1	-25999.3
923	1	-95099.4
924	1	26755.5
925	1	-11337.7
926	1	56857.6
927	1	88475.2
928	1	-55732
929	1	-17858
930	1	-28478.5
931	1	60121.5
932	1	35852.8
933	1	28189.4
934	1	51571.5
935	1	38708.3
936	1	48323.2
937	1	68748.9
938	1	-35974.3
939	1	-79269.5
940	1	11235.3
941	1	22698.7
942	1	99195
943	1	-94465
944	1	-52253.6
945	1	-27250.4
946	1	-73178
947	1	37950
948	1	92600.2
949	1	97506.7
950	1	-74900.9
951	1	-79636
952	1	93360.4
953	1	58571.9
954	1	75483.9
955	1	48865.8
956	1	17729.5
957	1	61673.3
958	1	-44308.1
959	1	-88000
960	1	81718.5
961	1	-72549.4
962	1	-97305.9
963	1	21182.7
964	1	-13081.6
965	1	-5161.71
966	1	-22087.3
967	1	29037.3
968	1	46279.8
969	1	-16315.5
970	1	-42699.5
971	1	-15074.4
972	1	-40008.5
973	1	98315.9
974	1	-66386.8
975	1	-67438.1
976	1	56222.5
977	1	66039.8
978	1	3728.67
979	1	-49367.6
980	1	-20226.5
981	1	34256.6
982	1	73950.3
983	1	77035.8
984	1	64225.5
985	1	-52371.1
986	1	-60612.2
987	1	-40793.2
988	1	-89003.4
989	1	-19922.8
990	1	42259.6
991	1	-38858.4
992	1	71224.5
993	1	59458.1
994	1	-42793
995	1	-11504.5
996	1	14839.4
997	1	27435.7
998	1	44469
999	1	-31463.9
1000	1	99834
1001	1	-17164.3
1002	1	-45771.7
1003	1	-72184
1004	1	-43082.7
1005	1	67172.8
1006	1	-4816.13
1007	1	13428.9
1008	1	-92962.8
1009	1	-5072.22
1010	1	-36533.2
1011	1	-80720.7
1012	1	-67997.5
1013	1	-44860.2
1014	1	14443.9
1015	1	35746
1016	1	-76796.2
1017	1	83553.1
1018	1	77714.5
1019	1	-76510.9
1020	1	-50524.6
1021	1	-3468.41
1022	1	-48518.4
1023	1	-19932.3
1024	1	-38401.3
1025	1	-97343.9
1026	1	-77595.9
1027	1	-83170.1
1028	1	-57449.8
1029	1	-42793.8
1030	1	66502.6
1031	1	51554.5
1032	1	21472.1
1033	1	32528.9
1034	1	-88265.9
1035	1	99650.5
1036	1	74009.6
1037	1	82372.7
1038	1	-72901.4
1039	1	-41286.3
1040	1	-45602.8
1041	1	-95351.9
1042	1	39970.7
1043	1	-38616.7
1044	1	-47850.4
1045	1	35224.5
1046	1	96000.7
1047	1	81060.8
1048	1	-97818
1049	1	-97074.8
1050	1	36754.9
1051	1	87030
1052	1	-78313.6
1053	1	-74321.9
1054	1	72819.6
1055	1	-85997.7
1056	1	-31883.5
1057	1	42934.9
1058	1	82039.9
1059	1	29309.8
1060	1	61275.5
1061	1	-57490
1062	1	-52354.1
1063	1	7375.84
1064	1	-90462.7
1065	1	-97627.4
1066	1	-75023.3
1067	1	-28789.4
1068	1	-26094.4
1069	1	-97073.9
1070	1	-52446.6
1071	1	-677.206
1072	1	-85781.9
1073	1	-41227.7
1074	1	53498.9
1075	1	-48085.5
1076	1	-67365.9
1077	1	-29458.6
1078	1	67925.6
1079	1	75634
1080	1	48668.6
1081	1	-96771.6
1082	1	60138.7
1083	1	22079.8
1084	1	-38558.3
1085	1	42630.3
1086	1	-55195.3
1087	1	-36932
1088	1	61825.9
1089	1	1332.28
1090	1	-90600.8
1091	1	4709.53
1092	1	-10204.5
1093	1	-63395.9
1094	1	4099.4
1095	1	18878.9
1096	1	-53153.1
1097	1	-9040.61
1098	1	34996.2
1099	1	-21244.6
1100	1	-76664.9
1101	1	36361.9
1102	1	-86259.8
1103	1	57783.4
1104	1	-2821.32
1105	1	91433.5
1106	1	-11383.9
1107	1	-65147.8
1108	1	80699.5
1109	1	68984.9
1110	1	-34707.3
1111	1	44737.5
1112	1	56475.6
1113	1	95466.4
1114	1	-89569.3
1115	1	95041.9
1116	1	1472.18
1117	1	67131
1118	1	-6609.04
1119	1	27441.6
1120	1	98495.5
1121	1	-60356.9
1122	1	-69115.1
1123	1	-28529.9
1124	1	-20564.5
1125	1	-70990.7
1126	1	-35468.1
1127	1	43231
1128	1	-87687.9
1129	1	-64339.3
1130	1	-27419.5
1131	1	-35407.4
1132	1	-22828.2
1133	1	-91735.3
1134	1	40692.3
1135	1	-27068.7
1136	1	-66607.9
1137	1	33170.5
1138	1	-52465
1139	1	66341.2
1140	1	-87380.3
1141	1	25849.9
1142	1	42699.6
1143	1	-99535.2
1144	1	-68988.3
1145	1	23926.7
1146	1	79967.9
1147	1	59671.9
1148	1	-98514.9
1149	1	-20815.5
1150	1	-11508
1151	1	30229.5
1152	1	-3284.39
1153	1	94801.8
1154	1	-94055.8
1155	1	37783.3
1156	1	-22268.6
1157	1	-5548.74
1158	1	83411.4
1159	1	-43189.4
1160	1	-58599.5
1161	1	-55230.3
1162	1	6430.11
1163	1	-45218.1
1164	1	-17055.8
1165	1	55703.4
1166	1	4189.95
1167	1	49232.4
1168	1	35879.3
1169	1	53538.5
1170	1	48752.6
1171	1	-88399.1
1172	1	17764
1173	1	-75255.6
1174	1	-6271.12
1175	1	59151.2
1176	1	-4612.85
1177	1	10522.7
1178	1	56913.7
1179	1	48221.2
1180	1	25696.2
1181	1	-12584.7
1182	1	65897.2
1183	1	14314
1184	1	-1939.86
1185	1	-88312.7
1186	1	-11435.5
1187	1	-71817.4
1188	1	-24920.2
1189	1	29880.4
1190	1	-49823.1
1191	1	-96724.1
1192	1	76217.6
1193	1	-93802.8
1194	1	42457.6
1195	1	-32757.5
1196	1	30879.9
1197	1	39179.2
1198	1	-57141.1
1199	1	-23373.7
1200	1	-88953.6
1201	1	-11380.9
1202	1	-82816.2
1203	1	-55140.9
1204	1	-49100.1
1205	1	81895.5
1206	1	-51079.8
1207	1	45800.9
1208	1	-3204.52
1209	1	51809.2
1210	1	-7479.8
1211	1	-9557.72
1212	1	-26192.8
1213	1	-23262.9
1214	1	65251.9
1215	1	-38199.6
1216	1	65426.2
1217	1	97742.1
1218	1	-66708.1
1219	1	1900.87
1220	1	46428.3
1221	1	32036.1
1222	1	-28505.6
1223	1	-89481.9
1224	1	17325.6
1225	1	92393.2
1226	1	-82857.5
1227	1	27321.7
1228	1	44518.3
1229	1	84834.3
1230	1	-95387.5
1231	1	26150.9
1232	1	67654.6
1233	1	69227.5
1234	1	3146.34
1235	1	-19346
1236	1	90395.8
1237	1	17825.9
1238	1	41555.2
1239	1	90624.3
1240	1	-74026.7
1241	1	22716.7
1242	1	-76764.6
1243	1	-32259.6
1244	1	62455.6
1245	1	-58574.8
1246	1	-49559.7
1247	1	61806.2
1248	1	-33167.8
1249	1	-82077
1250	1	8023.79
1251	1	-16345
1252	1	25254.1
1253	1	78975.2
1254	1	89768.3
1255	1	-77226.7
1256	1	42919.4
1257	1	55285
1258	1	-62201.7
1259	1	56849.1
1260	1	58257.9
1261	1	-62672.6
1262	1	83781.1
1263	1	81901.4
1264	1	56949.4
1265	1	-33072.5
1266	1	-83396.8
1267	1	14027.4
1268	1	79843.3
1269	1	-14447.5
1270	1	-8045.78
1271	1	-34463.4
1272	1	70070
1273	1	2909.49
1274	1	-70208.9
1275	1	-89419.3
1276	1	38347.5
1277	1	47680.5
1278	1	5631.87
1279	1	-45859.4
1280	1	71301.8
1281	1	81807.7
1282	1	15134
1283	1	-38099.9
1284	1	4608.65
1285	1	-66818.2
1286	1	51080.1
1287	1	95414
1288	1	-79343.7
1289	1	43010.6
1290	1	14347.5
1291	1	45177.6
1292	1	-35657.7
1293	1	74224.7
1294	1	62630.6
1295	1	-66267.7
1296	1	25048
1297	1	-31939.5
1298	1	20870
1299	1	2804.08
1300	1	12471.6
1301	1	84526.5
1302	1	-70250.9
1303	1	80427.2
1304	1	-80826.1
1305	1	90254.5
1306	1	-36590.3
1307	1	-21538.5
1308	1	81988.7
1309	1	-42852.3
1310	1	-7294.61
1311	1	85486.9
1312	1	96540
1313	1	-20434
1314	1	-34661.9
1315	1	3165.33
1316	1	65801.6
1317	1	-89965.1
1318	1	-22633.2
1319	1	12184
1320	1	-7034.47
1321	1	32184.2
1322	1	-3891.6
1323	1	-37330.2
1324	1	61843.2
1325	1	60304.5
1326	1	-47252.9
1327	1	41831.6
1328	1	-51673.1
1329	1	-87179.9
1330	1	16698.4
1331	1	-97436.3
1332	1	85288.9
1333	1	-16578.6
1334	1	-51702.3
1335	1	-31745.6
1336	1	48245
1337	1	44416.8
1338	1	-78106.9
1339	1	83414.4
1340	1	-85215.3
1341	1	-53613.3
1342	1	16355.1
1343	1	98176.7
1344	1	-57842
1345	1	-6005.58
1346	1	67650.2
1347	1	-61042.1
1348	1	89860.5
1349	1	-7816.63
1350	1	-66199.9
1351	1	9830.6
1352	1	13171.4
1353	1	6086.1
1354	1	-5153.44
1355	1	19884.1
1356	1	59914.9
1357	1	-33406.8
1358	1	-59922.2
1359	1	-20906.1
1360	1	37118.2
1361	1	-56547.3
1362	1	80162.3
1363	1	63799.1
1364	1	87454.7
1365	1	-54997.7
1366	1	67790.2
1367	1	-3090.22
1368	1	-10171.7
1369	1	18803.2
1370	1	-49461.2
1371	1	-67229.1
1372	1	61011
1373	1	22808.3
1374	1	65120.6
1375	1	-78462.5
1376	1	-96044
1377	1	-63509.9
1378	1	-27835.9
1379	1	-1239.8
1380	1	-95461.9
1381	1	-28841.6
1382	1	-36253.4
1383	1	45241.4
1384	1	30666.6
1385	1	44622.2
1386	1	-66129.5
1387	1	-23785
1388	1	-80839.2
1389	1	-36857.2
1390	1	-94338
1391	1	18987.1
1392	1	10575.3
1393	1	32373.7
1394	1	73121.2
1395	1	94323.5
1396	1	96702.3
1397	1	-44971.5
1398	1	31152.9
1399	1	85333.3
1400	1	-23383.2
1401	1	-31791.5
1402	1	6138.71
1403	1	90566.1
1404	1	-56918.1
1405	1	-55432.6
1406	1	-18129.6
1407	1	-39247.3
1408	1	-77343.4
1409	1	69213.5
1410	1	16742.8
1411	1	12756.1
1412	1	-34766
1413	1	-65640.1
1414	1	-59729.1
1415	1	-36143.5
1416	1	76859.6
1417	1	85765.8
1418	1	53405.9
1419	1	26486.8
1420	1	-21681.3
1421	1	-79349
1422	1	-72519.6
1423	1	10343.7
1424	1	-84711
1425	1	19815.8
1426	1	-21343.3
1427	1	-58694.3
1428	1	-71928.2
1429	1	55918.7
1430	1	-55309.7
1431	1	-34822.9
1432	1	-3007.91
1433	1	14856.8
1434	1	-14883.4
1435	1	80064.6
1436	1	-96299.4
1437	1	2634.13
1438	1	-20652.7
1439	1	80195.8
1440	1	-92077.5
1441	1	-40072.6
1442	1	64292.6
1443	1	80809.5
1444	1	-65454.4
1445	1	-73183.4
1446	1	16252.3
1447	1	-47675.6
1448	1	31136.8
1449	1	-50853.7
1450	1	1131.25
1451	1	-99134.1
1452	1	70524.2
1453	1	-36137.6
1454	1	35241.4
1455	1	1973.59
1456	1	96647.5
1457	1	79378.5
1458	1	-16715.1
1459	1	39510.6
1460	1	-82087.2
1461	1	1029.64
1462	1	-14564.4
1463	1	53710
1464	1	94977.2
1465	1	-17391.6
1466	1	29514.7
1467	1	35766.9
1468	1	-9629.05
1469	1	-582.446
1470	1	-24019.3
1471	1	-48181.8
1472	1	-33746.7
1473	1	85005.1
1474	1	-14189.1
1475	1	-87618.8
1476	1	15385.3
1477	1	-90215.4
1478	1	86182.5
1479	1	67533.2
1480	1	39232.3
1481	1	-96352.9
1482	1	11449.3
1483	1	35807.5
1484	1	46570.6
1485	1	30953.6
1486	1	-75854.1
1487	1	68513.6
1488	1	83097.9
1489	1	8007.55
1490	1	33362.7
1491	1	-78254
1492	1	40673.8
1493	1	37629.8
1494	1	64270.5
1495	1	84996.6
1496	1	86754.8
1497	1	-74854.8
1498	1	40676.4
1499	1	68278.1
1500	1	-26671.9
1501	1	-74555.5
1502	1	-86548.5
1503	1	79063.9
1504	1	-48141.9
1505	1	65118.5
1506	1	74223.3
1507	1	-51241
1508	1	84930.3
1509	1	-1926.21
1510	1	-2100.15
1511	1	67904.3
1512	1	-2576.14
1513	1	-16948
1514	1	-80571.4
1515	1	-70218.8
1516	1	2384.92
1517	1	-19578.5
1518	1	46573.4
1519	1	-88604.4
1520	1	-5067.39
1521	1	29604.2
1522	1	59685.8
1523	1	-62013.4
1524	1	-8639.01
1525	1	23505.5
1526	1	81229.6
1527	1	62226
1528	1	-64443.1
1529	1	-7723.22
1530	1	19264.1
1531	1	-91238.8
1532	1	84617.6
1533	1	43780.9
1534	1	35516.2
1535	1	-42416.7
1536	1	-91032.7
1537	1	3769.22
1538	1	-35603.2
1539	1	-50553.7
1540	1	89823
1541	1	-24374.8
1542	1	35532.5
1543	1	93003.9
1544	1	-69262
1545	1	-31903.5
1546	1	-18671.6
1547	1	13222.1
1548	1	-48362.1
1549	1	-97370.3
1550	1	8683.31
1551	1	65148
1552	1	31491.1
1553	1	80186.8
1554	1	71145.7
1555	1	-28775.6
1556	1	-93765.8
1557	1	-98445.3
1558	1	945.607
1559	1	-42599.1
1560	1	15324.4
1561	1	56510.3
1562	1	38152.2
1563	1	46917.8
1564	1	-15745.5
1565	1	-54633.1
1566	1	26715.3
1567	1	-43449.1
1568	1	-37863.2
1569	1	-60180.2
1570	1	19892.5
1571	1	48307.6
1572	1	16592.8
1573	1	71656.7
1574	1	-40590.9
1575	1	7925.3
1576	1	35557.8
1577	1	-31987.2
1578	1	72289.9
1579	1	9391.94
1580	1	80878.1
1581	1	79347.8
1582	1	-57293.6
1583	1	67437
1584	1	-96652.7
1585	1	1988.12
1586	1	79682
1587	1	60534.6
1588	1	-56617.1
1589	1	25896.1
1590	1	38450
1591	1	49152.8
1592	1	-86447.5
1593	1	-39012.8
1594	1	-27741.6
1595	1	18643.5
1596	1	-77929
1597	1	-48883.1
1598	1	-92063.8
1599	1	-19797.8
1600	1	-28923.2
1601	1	45904.7
1602	1	17420.1
1603	1	-56798.9
1604	1	-13827.2
1605	1	66345.8
1606	1	19406
1607	1	79912.4
1608	1	27238.8
1609	1	97556.4
1610	1	45628.5
1611	1	-12304.1
1612	1	-18964.8
1613	1	89116.8
1614	1	-41447.5
1615	1	59399.4
1616	1	-65621.8
1617	1	63365.7
1618	1	-29035.2
1619	1	-37434.3
1620	1	-76151.1
1621	1	97179.3
1622	1	42428.2
1623	1	19393.8
1624	1	22969.3
1625	1	-45566.6
1626	1	7530.94
1627	1	-69828.7
1628	1	-70567.7
1629	1	-50533.4
1630	1	2662.45
1631	1	-92226.6
1632	1	-97041.9
1633	1	68896.4
1634	1	-54475.4
1635	1	-4915.21
1636	1	24414.2
1637	1	-9067.95
1638	1	51395
1639	1	-77400.8
1640	1	-9714.11
1641	1	-28604.9
1642	1	-98360.8
1643	1	34182
1644	1	69107.2
1645	1	36278.4
1646	1	-96140.5
1647	1	66482.7
1648	1	-56207.8
1649	1	30601.7
1650	1	-46172.5
1651	1	65535.1
1652	1	-3360.46
1653	1	-88025.2
1654	1	77424.8
1655	1	-99314.2
1656	1	-75634.3
1657	1	80418.7
1658	1	18623.2
1659	1	90122.3
1660	1	-88540.1
1661	1	-51553.3
1662	1	39334.7
1663	1	-81864.9
1664	1	-97965.9
1665	1	-37379.9
1666	1	23195.1
1667	1	-172.14
1668	1	76426.4
1669	1	60684.2
1670	1	-9084.46
1671	1	-98023.7
1672	1	24945.9
1673	1	-8804.18
1674	1	41709.5
1675	1	92825.4
1676	1	36912.7
1677	1	84771.5
1678	1	72985.9
1679	1	-34992.4
1680	1	25230.9
1681	1	10580.5
1682	1	-66480.7
1683	1	-70774
1684	1	-88901.2
1685	1	-19649.2
1686	1	64249.4
1687	1	-13392.7
1688	1	-63237
1689	1	-71931.5
1690	1	91855.1
1691	1	-61502.4
1692	1	-95092.9
1693	1	-56369.8
1694	1	66137.6
1695	1	75512.3
1696	1	-15135.1
1697	1	20391.4
1698	1	-46095.1
1699	1	33814.3
1700	1	84894.7
1701	1	-69605.8
1702	1	-82658.3
1703	1	19681.1
1704	1	92278.5
1705	1	30393.7
1706	1	-49140
1707	1	-54280.8
1708	1	-94664.3
1709	1	-54595.8
1710	1	89259.5
1711	1	8495.29
1712	1	-8701.93
1713	1	31572
1714	1	-72463.3
1715	1	-12884
1716	1	-51630.4
1717	1	29533.3
1718	1	39202.7
1719	1	2798.07
1720	1	21390.2
1721	1	39550.8
1722	1	-32496.2
1723	1	-65519.4
1724	1	-91748.8
1725	1	74440.9
1726	1	-135.004
1727	1	-8822.39
1728	1	-5860.38
1729	1	-38885.3
1730	1	-11380.2
1731	1	-15426.9
1732	1	30359.7
1733	1	64506.4
1734	1	-70490.1
1735	1	-55185.7
1736	1	60545.5
1737	1	35966
1738	1	2024.53
1739	1	-74390.6
1740	1	9285
1741	1	-61377.3
1742	1	-61319.3
1743	1	-15994
1744	1	17583.6
1745	1	-70621.2
1746	1	96455.9
1747	1	8084.84
1748	1	32162.3
1749	1	-6775.78
1750	1	50508.7
1751	1	-12415.9
1752	1	15774.4
1753	1	-25547.3
1754	1	-20825.4
1755	1	-92916.7
1756	1	-8215.27
1757	1	-17785.9
1758	1	-40867.7
1759	1	-30274.8
1760	1	35536.8
1761	1	-5929.85
1762	1	-36290
1763	1	19409.5
1764	1	-50625.5
1765	1	65330.2
1766	1	95647.2
1767	1	73426.4
1768	1	33753.1
1769	1	55657.1
1770	1	-78146.6
1771	1	-18520.9
1772	1	82657
1773	1	-5748.7
1774	1	-54268.9
1775	1	-7616.07
1776	1	-58104.5
1777	1	-63095
1778	1	-55918.4
1779	1	-26091
1780	1	-79004.1
1781	1	70909.7
1782	1	-14253.2
1783	1	56060.9
1784	1	93296.1
1785	1	14741.6
1786	1	-41802.6
1787	1	99882.2
1788	1	-683.945
1789	1	575.121
1790	1	-36392.2
1791	1	-13530.1
1792	1	94990
1793	1	26901.2
1794	1	-23567.3
1795	1	-44440.8
1796	1	-87332
1797	1	5545.35
1798	1	47909.6
1799	1	-33273.9
1800	1	-65539.3
1801	1	79163.1
1802	1	7972.39
1803	1	40343.7
1804	1	-26333.8
1805	1	-16087.8
1806	1	-8047.08
1807	1	53114.7
1808	1	85858.4
1809	1	-36640.4
1810	1	-58480.7
1811	1	18959.8
1812	1	-60071.8
1813	1	81744.1
1814	1	-93675.6
1815	1	-19645.4
1816	1	-26106.4
1817	1	-20473.3
1818	1	26921.5
1819	1	-41155.1
1820	1	-22869.4
1821	1	-89025.3
1822	1	-86388.9
1823	1	-50764.6
1824	1	-84194.1
1825	1	29083.6
1826	1	-92064.5
1827	1	16130.1
1828	1	5385.54
1829	1	-91561.7
1830	1	-51167
1831	1	-99188.7
1832	1	-53265
1833	1	57717.5
1834	1	-55437
1835	1	-26221.7
1836	1	29841.9
1837	1	-78897.2
1838	1	60931.6
1839	1	40026.9
1840	1	-87195.3
1841	1	-17238.5
1842	1	-91875.1
1843	1	-37010.7
1844	1	25227.2
1845	1	-13983.2
1846	1	-74908.4
1847	1	40894.6
1848	1	45405.9
1849	1	-39593.3
1850	1	96134.3
1851	1	86708.5
1852	1	-3801.68
1853	1	-4859.43
1854	1	88285.1
1855	1	13694.4
1856	1	52186.1
1857	1	-52553.3
1858	1	-546.659
1859	1	50482.1
1860	1	-39030.1
1861	1	1487.58
1862	1	39544.9
1863	1	-84596
1864	1	42695.1
1865	1	-93395.4
1866	1	35490.5
1867	1	89609.5
1868	1	71766.1
1869	1	-82744.3
1870	1	70834.5
1871	1	309.437
1872	1	-96128.4
1873	1	32853.2
1874	1	4787.83
1875	1	-53339.8
1876	1	59316.4
1877	1	74130.7
1878	1	30384.8
1879	1	51558.4
1880	1	70600.1
1881	1	-60236.6
1882	1	-52586.2
1883	1	31188.5
1884	1	24815
1885	1	48914.4
1886	1	-97236.1
1887	1	-45246
1888	1	83503.3
1889	1	99548.3
1890	1	-14631
1891	1	-44691.4
1892	1	63653.9
1893	1	-82757.4
1894	1	15808.9
1895	1	-48954.1
1896	1	-92086.2
1897	1	-75984.9
1898	1	8097.1
1899	1	47846.2
1900	1	-48032.3
1901	1	-35530.6
1902	1	-34015.8
1903	1	7400.82
1904	1	45289.3
1905	1	95511.8
1906	1	67353.9
1907	1	21168.1
1908	1	-33860.7
1909	1	92141.7
1910	1	6222.07
1911	1	80873.3
1912	1	-58005
1913	1	-2048.55
1914	1	24728.2
1915	1	-19447.9
1916	1	35889.4
1917	1	30256.6
1918	1	96417.2
1919	1	82760.5
1920	1	29751.8
1921	1	28051.9
1922	1	64488
1923	1	-73071.3
1924	1	-85880.2
1925	1	-5295.14
1926	1	-29512.7
1927	1	38248.9
1928	1	-81034.7
1929	1	17461
1930	1	-70747.3
1931	1	-83864.9
1932	1	23983.2
1933	1	75106.4
1934	1	78714.9
1935	1	66124.3
1936	1	-24348.8
1937	1	-33982.6
1938	1	-15844.7
1939	1	-12749
1940	1	50248.9
1941	1	-74781.5
1942	1	72884.5
1943	1	29245.7
1944	1	73446.9
1945	1	20445.9
1946	1	45329.5
1947	1	4963.68
1948	1	93728.2
1949	1	51782.8
1950	1	93011.3
1951	1	-18580.6
1952	1	-59606.2
1953	1	-22631.4
1954	1	27205.8
1955	1	-25669.4
1956	1	1754.49
1957	1	-5263.61
1958	1	16296.2
1959	1	2683.51
1960	1	-49094.8
1961	1	32700.1
1962	1	-62552.6
1963	1	28855.6
1964	1	-85546.6
1965	1	93653
1966	1	92645.9
1967	1	96352.2
1968	1	13326.8
1969	1	-59428
1970	1	-5680.68
1971	1	21789.4
1972	1	-58762.1
1973	1	14825.8
1974	1	-5186.31
1975	1	-7437.14
1976	1	-44262.4
1977	1	29868.1
1978	1	24426.6
1979	1	28879
1980	1	87023.1
1981	1	-33774.9
1982	1	-8612.43
1983	1	96675.2
1984	1	93949.5
1985	1	63944.5
1986	1	64778.5
1987	1	70058.7
1988	1	70459.7
1989	1	30885.3
1990	1	67181.4
1991	1	-13067.6
1992	1	18652.2
1993	1	-18867
1994	1	-21029.4
1995	1	-29332
1996	1	-36652.6
1997	1	-6900.53
1998	1	98455.9
1999	1	-76926.2
2000	1	51890.7
2001	1	16860.6
2002	1	25739.9
2003	1	-60150.1
2004	1	32214.7
2005	1	24245.2
2006	1	18062
2007	1	-82986.2
2008	1	-65238.4
2009	1	-316.01
2010	1	92851.6
2011	1	-74464.9
2012	1	-47502.3
2013	1	-94902.5
2014	1	-43072.1
2015	1	-99176.3
2016	1	34456.6
2017	1	-42717.3
2018	1	-47549.7
2019	1	-27893.4
2020	1	37299.7
2021	1	-16913.7
2022	1	31728.4
2023	1	-4028.58
2024	1	93060.2
2025	1	-46960.2
2026	1	-55550.9
2027	1	-20651.5
2028	1	89777.5
2029	1	-92965.8
2030	1	94596.2
2031	1	-86726.7
2032	1	1058.09
2033	1	58895.1
2034	1	98280.4
2035	1	-13153.6
2036	1	95005.7
2037	1	80053.7
2038	1	11855.6
2039	1	-55279.9
2040	1	24662.3
2041	1	-35308.4
2042	1	-45300.7
2043	1	-63373.6
2044	1	7514.88
2045	1	-67692.7
2046	1	69695.8
2047	1	653.318
2048	1	-46604
2049	1	22699.1
2050	1	50429.7
2051	1	47132.2
2052	1	15513.3
2053	1	-73006.9
2054	1	64963.9
2055	1	43720.3
2056	1	-60289.2
2057	1	-65563.9
2058	1	76327.9
2059	1	32007.3
2060	1	-26321.5
2061	1	36869.5
2062	1	6432
2063	1	20550.2
2064	1	70538.4
2065	1	-38022
2066	1	-31065.5
2067	1	30159.1
2068	1	-18917.1
2069	1	49652.7
2070	1	-8651.77
2071	1	83710.5
2072	1	58248.5
2073	1	-12029.2
2074	1	49818.9
2075	1	-20756.5
2076	1	66740.7
2077	1	-72829.7
2078	1	-59459.4
2079	1	-62717.8
2080	1	-63037.4
2081	1	14451.7
2082	1	-3386.63
2083	1	36867.2
2084	1	61794.9
2085	1	29216.6
2086	1	-11081.6
2087	1	22941.7
2088	1	-59781.3
2089	1	-81074.3
2090	1	50226.1
2091	1	67088.9
2092	1	-14349.6
2093	1	-81812
2094	1	78278.9
2095	1	24873
2096	1	-62926
2097	1	-95364
2098	1	19300.8
2099	1	-86258.2
2100	1	-92765.9
2101	1	4555.9
2102	1	74681.2
2103	1	-71643.8
2104	1	59962.8
2105	1	65755.3
2106	1	23787.9
2107	1	-53665.6
2108	1	-55538
2109	1	33684.1
2110	1	7318.49
2111	1	93589.2
2112	1	-41225.2
2113	1	24838.7
2114	1	-77220
2115	1	69971.6
2116	1	-95876.8
2117	1	8728.03
2118	1	72503.6
2119	1	-1367.48
2120	1	18091.8
2121	1	94400.9
2122	1	-6872.34
2123	1	-97692.9
2124	1	-25955.4
2125	1	-18667.7
2126	1	-49344.3
2127	1	88131.3
2128	1	-13121.7
2129	1	-66759.1
2130	1	-78024.5
2131	1	-94082.4
2132	1	-99957.2
2133	1	79425.4
2134	1	57902.6
2135	1	14821.1
2136	1	-6186.46
2137	1	34384.3
2138	1	-24447.8
2139	1	-17.4597
2140	1	21938.3
2141	1	-72511.9
2142	1	36278.5
2143	1	7551.83
2144	1	-87477.8
2145	1	-97962.8
2146	1	-92984.2
2147	1	-4600.04
2148	1	-87480.5
2149	1	-17835.7
2150	1	-32537.6
2151	1	-80282.8
2152	1	35750.2
2153	1	-75412.4
2154	1	-17255.6
2155	1	-2658.23
2156	1	-21346
2157	1	-51705.4
2158	1	-95287.6
2159	1	-9640.45
2160	1	-76976.4
2161	1	-32608.8
2162	1	25346.8
2163	1	-3749.06
2164	1	-42047.1
2165	1	95625.8
2166	1	-87257.7
2167	1	-88704.2
2168	1	-10636.4
2169	1	-1960.74
2170	1	-694.608
2171	1	-54574.3
2172	1	16015.3
2173	1	46609.6
2174	1	60788.7
2175	1	-94031.8
2176	1	-71137.3
2177	1	-65177.2
2178	1	-56180.4
2179	1	-37653.1
2180	1	44040.8
2181	1	97215.6
2182	1	16679
2183	1	-70719.5
2184	1	-24650.8
2185	1	69429.1
2186	1	48289.7
2187	1	3872.46
2188	1	91270.1
2189	1	19229.9
2190	1	-28443.3
2191	1	-80206
2192	1	-45213.5
2193	1	-97704
2194	1	3090.49
2195	1	33166.7
2196	1	-80673
2197	1	-99302.5
2198	1	-14251.9
2199	1	52797.6
2200	1	35271.5
2201	1	24862.3
2202	1	-74415
2203	1	-61577.2
2204	1	88886.3
2205	1	82400.6
2206	1	-376.815
2207	1	59605.2
2208	1	-10528.8
2209	1	-61606.1
2210	1	34357.4
2211	1	-65360
2212	1	42003.6
2213	1	-97983.9
2214	1	44824.5
2215	1	-1191.24
2216	1	-10606.2
2217	1	-36145.2
2218	1	59180.9
2219	1	-34872.7
2220	1	-96193
2221	1	-46720.3
2222	1	-47594.1
2223	1	-90306.9
2224	1	-35491.6
2225	1	-2030.2
2226	1	38502
2227	1	8822.35
2228	1	74422.5
2229	1	-52422.2
2230	1	-13155.1
2231	1	-75738.2
2232	1	76301.4
2233	1	87794.6
2234	1	5837.87
2235	1	35473.3
2236	1	-76266.9
2237	1	-4976.05
2238	1	67001.4
2239	1	-86574.3
2240	1	-9859.57
2241	1	-39569.2
2242	1	-30677.2
2243	1	-62643.6
2244	1	13556.6
2245	1	72580.8
2246	1	-79673.6
2247	1	-68656.6
2248	1	69324.5
2249	1	55303.8
2250	1	4053.24
2251	1	54224.1
2252	1	-61662.3
2253	1	-92926.2
2254	1	39210.8
2255	1	-56912.3
2256	1	-26908.9
2257	1	-80151.1
2258	1	10523.2
2259	1	7273.17
2260	1	37075.9
2261	1	59812.2
2262	1	13635.7
2263	1	-18442.2
2264	1	38572.7
2265	1	-63564.1
2266	1	89633.3
2267	1	-96867.9
2268	1	63754.6
2269	1	-72730.5
2270	1	-87125.2
2271	1	-7259.56
2272	1	-19866.2
2273	1	-19288.2
2274	1	96885.2
2275	1	-97710.1
2276	1	72392.7
2277	1	-44261.4
2278	1	10710.4
2279	1	46334.5
2280	1	25478.5
2281	1	12818.9
2282	1	9922.09
2283	1	-78374.2
2284	1	59110.3
2285	1	81718.1
2286	1	-18471.3
2287	1	66398.6
2288	1	11010.9
2289	1	-53930.1
2290	1	-18692.9
2291	1	24390.2
2292	1	-32472.5
2293	1	-70914.1
2294	1	44364
2295	1	-49899.3
2296	1	9160.14
2297	1	-99426.2
2298	1	-98098.7
2299	1	-17208.9
2300	1	-80999.9
2301	1	-7169.83
2302	1	-22926.1
2303	1	66082.1
2304	1	-5593.97
2305	1	-15908
2306	1	62988.4
2307	1	-7767.97
2308	1	-85122.4
2309	1	-73958.1
2310	1	3690.24
2311	1	70521.9
2312	1	24929.8
2313	1	80790
2314	1	98956.1
2315	1	23768.4
2316	1	-34005.3
2317	1	55874.6
2318	1	-4535.68
2319	1	73907.3
2320	1	-82193
2321	1	-90687.6
2322	1	48059.8
2323	1	-31642.9
2324	1	-52207.2
2325	1	-66612.9
2326	1	61956.7
2327	1	-58491.2
2328	1	94709.8
2329	1	-5892.05
2330	1	89410.7
2331	1	28767.8
2332	1	-77505.6
2333	1	68036.6
2334	1	-11256.5
2335	1	34719.8
2336	1	13830
2337	1	-98485.8
2338	1	-93424.2
2339	1	-11358.7
2340	1	-7184.98
2341	1	65934.7
2342	1	-80604.4
2343	1	-81595.3
2344	1	-37382.4
2345	1	62059.4
2346	1	99657.3
2347	1	-49665.1
2348	1	60414.5
2349	1	86019.4
2350	1	29994.7
2351	1	77749.5
2352	1	-59064.8
2353	1	-12367.2
2354	1	-56459.6
2355	1	45419.5
2356	1	96301.1
2357	1	-70214.5
2358	1	16744
2359	1	-15353.4
2360	1	-52440
2361	1	-37356.7
2362	1	37812.3
2363	1	-58742.6
2364	1	-67324.3
2365	1	3539.24
2366	1	-3886.1
2367	1	-77855.6
2368	1	-81945.2
2369	1	-42201.3
2370	1	99738.4
2371	1	-7236.24
2372	1	84041.6
2373	1	21552.2
2374	1	-13955.5
2375	1	-43575.8
2376	1	-29779.1
2377	1	8770.22
2378	1	-84842.9
2379	1	70287.9
2380	1	-36736
2381	1	36833.2
2382	1	-6301.69
2383	1	1737.68
2384	1	-4834.25
2385	1	207.211
2386	1	59659.7
2387	1	66667.5
2388	1	3072.91
2389	1	-61975.8
2390	1	-14870.4
2391	1	89090.6
2392	1	-681.438
2393	1	-65933.2
2394	1	13074.2
2395	1	-34813
2396	1	-12866.2
2397	1	51251.9
2398	1	-74171.4
2399	1	-46578.1
2400	1	-1024.52
2401	1	-11488.4
