2426	1	2426
1	1	6976.41
2	1	-18533.3
3	1	85693.4
4	1	-95576.4
5	1	-59293.9
6	1	-74128.5
7	1	-97414.9
8	1	15924.7
9	1	-2439.15
10	1	63007.3
11	1	70566.5
12	1	-91634.8
13	1	50583
14	1	-41204.2
15	1	91417
16	1	-16761.4
17	1	73054.5
18	1	-58560.2
19	1	-39571.7
20	1	-31867.2
21	1	7130.82
22	1	73015.5
23	1	-77156.2
24	1	51183.1
25	1	-18292.6
26	1	12632.9
27	1	71733.3
28	1	-76500.8
29	1	-40078.5
30	1	42911.1
31	1	-2043.65
32	1	24879.9
33	1	9783.8
34	1	17245
35	1	-23913.9
36	1	-74502.4
37	1	-88783.5
38	1	53325.4
39	1	-62627.1
40	1	25359.8
41	1	-13047.6
42	1	22936.9
43	1	33808.7
44	1	81148.1
45	1	-12401.2
46	1	-41699.5
47	1	-48752.1
48	1	-71273.1
49	1	36776.1
50	1	-43465.8
51	1	-31304.5
52	1	41963.5
53	1	42288.7
54	1	-65262.4
55	1	5345.23
56	1	-61197.5
57	1	55620.5
58	1	-3964.75
59	1	-82827.5
60	1	-73529
61	1	-77742.4
62	1	56874.8
63	1	73353.6
64	1	21807.5
65	1	-62663.9
66	1	-27279.6
67	1	79388.7
68	1	-78668.1
69	1	90255.9
70	1	57298.9
71	1	-1543.95
72	1	-24994.3
73	1	37313.9
74	1	-89923.4
75	1	44567.1
76	1	-13233.4
77	1	13265.2
78	1	96609.6
79	1	-48386.8
80	1	51137.1
81	1	-53597.9
82	1	28090.7
83	1	-77797
84	1	96133.5
85	1	-11600.5
86	1	83105.1
87	1	55537.6
88	1	-43751.2
89	1	-59834.2
90	1	19075.9
91	1	52033.7
92	1	-2639.36
93	1	-61797.5
94	1	-77713.8
95	1	50705.1
96	1	47340.2
97	1	-42813
98	1	88476.6
99	1	4423.16
100	1	72791.3
101	1	17985.2
102	1	-24022
103	1	-98938.6
104	1	-5710.72
105	1	23432.6
106	1	-45151.1
107	1	-46940.7
108	1	-29844.1
109	1	60528.9
110	1	65901
111	1	72325.5
112	1	-35986.4
113	1	32944.2
114	1	-89990.7
115	1	-72870.4
116	1	-67174.1
117	1	-1033.41
118	1	3233.81
119	1	98348.4
120	1	-27819.1
121	1	-32140.4
122	1	-45202.3
123	1	-66624.5
124	1	-87151.1
125	1	-90878.4
126	1	46294.5
127	1	15833.2
128	1	6301.3
129	1	76536.7
130	1	-77389.3
131	1	62178.2
132	1	-58254.9
133	1	-51236
134	1	33247.6
135	1	-34938.3
136	1	66944.5
137	1	-21659.6
138	1	-67655.7
139	1	99340.4
140	1	-98944.9
141	1	29426.2
142	1	-30603.1
143	1	-13304
144	1	-16261
145	1	-46989.5
146	1	-626.203
147	1	19431.6
148	1	-42989
149	1	-8906.27
150	1	72000.8
151	1	-97644
152	1	63396.5
153	1	16253.1
154	1	-20739.7
155	1	55020.1
156	1	-14035.5
157	1	-26663.9
158	1	19911.1
159	1	88228.4
160	1	-46536.2
161	1	-87521
162	1	90020
163	1	-63274.2
164	1	93499.3
165	1	66376.1
166	1	92106.7
167	1	-8970.28
168	1	-83370.5
169	1	51175.3
170	1	-7534.48
171	1	44678.1
172	1	-59274.9
173	1	43502.4
174	1	34379.3
175	1	47250.2
176	1	-45779.9
177	1	-32113.3
178	1	71948.8
179	1	9551.44
180	1	14739.6
181	1	6343.85
182	1	-33832.3
183	1	-4826.17
184	1	-64248.1
185	1	-50216.7
186	1	76923.3
187	1	-91252.5
188	1	-67192.7
189	1	72488.9
190	1	43848.5
191	1	-85292
192	1	-238.437
193	1	88957.6
194	1	21643.1
195	1	64587.4
196	1	50742.2
197	1	-53470.1
198	1	22527.1
199	1	-82529
200	1	61328.2
201	1	-19623.5
202	1	-90026.5
203	1	-72889.5
204	1	-55967.2
205	1	-50757.5
206	1	-54897.8
207	1	-84695.6
208	1	58861.4
209	1	-26434.3
210	1	-55016.8
211	1	-14108
212	1	68447.4
213	1	62337.6
214	1	90354.7
215	1	-41373.9
216	1	80052.5
217	1	-39386.5
218	1	-21988.3
219	1	-49663.7
220	1	55149.1
221	1	-56223.6
222	1	-42150.2
223	1	18418.9
224	1	5586.45
225	1	-12134
226	1	-89281.5
227	1	-84856.4
228	1	-67436.8
229	1	99181.3
230	1	-91571.7
231	1	-57803.6
232	1	91549.7
233	1	-62997.3
234	1	3192.82
235	1	89022.3
236	1	74496.4
237	1	-58855.3
238	1	-1091.04
239	1	-34099.6
240	1	54628.4
241	1	22040.1
242	1	81514.3
243	1	-58586.2
244	1	-42359.4
245	1	60771.2
246	1	-21873.9
247	1	99786.3
248	1	16155.5
249	1	-5086.16
250	1	-81718
251	1	56866
252	1	-10689
253	1	-71376.5
254	1	77600.5
255	1	-24818.5
256	1	-1565.15
257	1	-70454.4
258	1	-30705
259	1	-24539.9
260	1	34353.5
261	1	54505.1
262	1	-11657.4
263	1	-76714.6
264	1	-14097.6
265	1	-74320.7
266	1	38749.5
267	1	67225.7
268	1	-87058.3
269	1	-39924.6
270	1	3791.85
271	1	-95904.3
272	1	-91451.9
273	1	-70499.2
274	1	-39866.7
275	1	64716
276	1	-72348.3
277	1	67117.9
278	1	-87032
279	1	38177
280	1	-90517.3
281	1	19519.3
282	1	33060
283	1	36118.4
284	1	16782.2
285	1	79459.8
286	1	-50325.3
287	1	92313.5
288	1	30068.4
289	1	63646.7
290	1	-87824
291	1	1889.35
292	1	-69936.1
293	1	-63636
294	1	-66466.9
295	1	-30467.1
296	1	47655.7
297	1	54973.3
298	1	15356.3
299	1	74575.3
300	1	64787.7
301	1	1080.21
302	1	-8971.4
303	1	-77586.4
304	1	-38860.7
305	1	47065.6
306	1	-84011.2
307	1	-83249.8
308	1	15517
309	1	41381
310	1	-34235.5
311	1	-25587.6
312	1	36653.9
313	1	84098.8
314	1	56791.9
315	1	30757.2
316	1	27328
317	1	-74690.4
318	1	75894.9
319	1	74407.3
320	1	-50637.7
321	1	85622.3
322	1	-54679.9
323	1	98025.7
324	1	-51604.5
325	1	-26199.5
326	1	-17690.2
327	1	25290.8
328	1	63278.5
329	1	-46503.3
330	1	-47464
331	1	24895.1
332	1	81462.3
333	1	10472.6
334	1	-81421.1
335	1	-91744.3
336	1	-51536.6
337	1	-33182.9
338	1	-82986.5
339	1	-41941.6
340	1	72270.6
341	1	82632.5
342	1	-78467.7
343	1	-56347.2
344	1	-83764.7
345	1	44259.3
346	1	-95300.2
347	1	84046.8
348	1	-52632
349	1	-79024.7
350	1	59437.7
351	1	64318.6
352	1	-67239.2
353	1	-68889.6
354	1	-66390.3
355	1	23825.8
356	1	5110.7
357	1	82959.5
358	1	-17948.9
359	1	-35237.9
360	1	46406.1
361	1	70803.2
362	1	-43756.7
363	1	-2140.92
364	1	-17903.7
365	1	52993.9
366	1	17744.8
367	1	-48815.6
368	1	-84329.2
369	1	-26933.1
370	1	44072.7
371	1	15241
372	1	-39543.6
373	1	45752.2
374	1	-17588
375	1	87837.1
376	1	-64942.4
377	1	-48916.8
378	1	-25036.9
379	1	70451
380	1	-40838
381	1	-49974.3
382	1	46910.8
383	1	61562.3
384	1	-33819.2
385	1	54165.8
386	1	-32403
387	1	71831
388	1	38717.9
389	1	89662.9
390	1	-9717.7
391	1	27830.6
392	1	-42828.2
393	1	-6932.19
394	1	10868.1
395	1	24820.4
396	1	37180
397	1	-35851.6
398	1	-27557.7
399	1	-64053.9
400	1	-23065.7
401	1	25093.7
402	1	-3769.52
403	1	-26877.6
404	1	-14624.2
405	1	23100.2
406	1	94836.8
407	1	-64549
408	1	69549.7
409	1	-42211.6
410	1	-87241.9
411	1	64721.8
412	1	-24240.2
413	1	74032.5
414	1	-23109.3
415	1	22191.5
416	1	11767.9
417	1	-55592.7
418	1	-86982.8
419	1	-52229.4
420	1	30105.6
421	1	87601.3
422	1	64322
423	1	-42385.5
424	1	-33605.1
425	1	18009.3
426	1	-41589.7
427	1	-31024
428	1	7603.13
429	1	-34878
430	1	76794.9
431	1	-7579.09
432	1	-76482.5
433	1	8986.55
434	1	-96978.3
435	1	-61505.9
436	1	-22515
437	1	2215.79
438	1	75557
439	1	-2842.14
440	1	27077.5
441	1	20120.3
442	1	-83632.8
443	1	-92407.5
444	1	-65925.4
445	1	-25875
446	1	-37471.4
447	1	-18060.1
448	1	62870.3
449	1	87549.8
450	1	-14761.6
451	1	5249.88
452	1	49393.8
453	1	63118.3
454	1	62177.2
455	1	34639.7
456	1	-52123.4
457	1	87384.9
458	1	-54704.3
459	1	-43818.5
460	1	-71835.8
461	1	-29787.3
462	1	-81506.4
463	1	-37387.4
464	1	-98541.8
465	1	-96078.9
466	1	89650.7
467	1	-16317
468	1	47579.5
469	1	78362.4
470	1	-7815.61
471	1	97386.8
472	1	45427.5
473	1	-49097.7
474	1	-14525.8
475	1	4644.87
476	1	81460.9
477	1	-6304.55
478	1	-70674.6
479	1	55081.4
480	1	67991.2
481	1	97325
482	1	-27982.2
483	1	-84680.5
484	1	87932.1
485	1	60283.3
486	1	-31388.2
487	1	20830.3
488	1	88204.3
489	1	-17825.2
490	1	-46525.4
491	1	94577.7
492	1	-93939.3
493	1	-85233.3
494	1	87164.5
495	1	802.968
496	1	5598.09
497	1	-25698.7
498	1	41189.6
499	1	-13069.9
500	1	7814.74
501	1	87338.6
502	1	-12557.2
503	1	68823.6
504	1	-97163.4
505	1	-85937.9
506	1	-22219.8
507	1	59917.4
508	1	5885.89
509	1	-53020.9
510	1	-66991.2
511	1	-13626.8
512	1	-81588.6
513	1	65194.3
514	1	-5134.75
515	1	30632.4
516	1	-67628.7
517	1	16562.3
518	1	-12140.1
519	1	76188.1
520	1	37313.9
521	1	-60061.1
522	1	-42785.5
523	1	-70735.5
524	1	-81724.9
525	1	41451.3
526	1	-30914.8
527	1	-10849.5
528	1	-51254.5
529	1	-9147.43
530	1	151.069
531	1	-27803.2
532	1	40856.6
533	1	54297.7
534	1	-20774
535	1	17928.7
536	1	-40748.6
537	1	21996.1
538	1	-43466.1
539	1	78137.5
540	1	-29310.3
541	1	30471.2
542	1	91671
543	1	-67204.2
544	1	-35288.1
545	1	-33784.8
546	1	17593
547	1	-27023.2
548	1	-33909
549	1	-93221.2
550	1	85570.3
551	1	56602.7
552	1	-6443.34
553	1	66267.2
554	1	-96623.3
555	1	5357.3
556	1	-89040
557	1	47409.4
558	1	11401.2
559	1	-76525.8
560	1	84034.4
561	1	12640.5
562	1	85088.9
563	1	37152.6
564	1	-7257.18
565	1	-70674.1
566	1	-94199.1
567	1	-61609.9
568	1	32585.3
569	1	-35071.9
570	1	-80866.8
571	1	34907.6
572	1	-33609.5
573	1	48652.6
574	1	84238.5
575	1	75767.4
576	1	-24132.9
577	1	-11414.5
578	1	-37932.2
579	1	-57816.1
580	1	-68265.6
581	1	-34564.4
582	1	-91970.7
583	1	8426.35
584	1	-16113.1
585	1	53634.5
586	1	-41040.1
587	1	19074.4
588	1	15366.3
589	1	-99218.7
590	1	75621.9
591	1	1966.19
592	1	76491.7
593	1	35424.3
594	1	28215.5
595	1	-11152.6
596	1	458.446
597	1	82225.8
598	1	35532.8
599	1	-88231
600	1	32682.4
601	1	-53435.1
602	1	25012
603	1	43499.5
604	1	-79921.9
605	1	-88378.4
606	1	-22625
607	1	-74087.8
608	1	-34416.6
609	1	-82997.1
610	1	-15755
611	1	90861
612	1	23677.3
613	1	-83726.1
614	1	-93056
615	1	-26536.8
616	1	42630.8
617	1	33731
618	1	-52316.7
619	1	38457.4
620	1	-14021.8
621	1	-5975.62
622	1	-37855.9
623	1	48365.7
624	1	-4751.99
625	1	12687.2
626	1	60123.1
627	1	-67732.5
628	1	-6528.1
629	1	39064.4
630	1	87891.9
631	1	57763.5
632	1	7748.53
633	1	96395.1
634	1	35852.1
635	1	-6211.2
636	1	92328.4
637	1	5466.16
638	1	-5764.48
639	1	38623
640	1	-57035.8
641	1	-80641.5
642	1	71595.3
643	1	85404.6
644	1	39378
645	1	-32607.5
646	1	41002.5
647	1	-54017.6
648	1	-30928.4
649	1	73839.3
650	1	69991.2
651	1	-29164.9
652	1	1569.62
653	1	18901.4
654	1	72734.7
655	1	5103.3
656	1	3779.22
657	1	-59058.3
658	1	57163.7
659	1	73561.2
660	1	19346.9
661	1	-87424.2
662	1	7051.65
663	1	68554.8
664	1	16345.2
665	1	-77241.3
666	1	88352.2
667	1	-6362.13
668	1	-23323.2
669	1	-96614.1
670	1	-52169.5
671	1	-26646.1
672	1	-28131.6
673	1	113.731
674	1	77013.9
675	1	-7314.95
676	1	43111.8
677	1	-53184.8
678	1	-23939.5
679	1	76853.1
680	1	26185.9
681	1	-75245.9
682	1	73511.1
683	1	83976.3
684	1	-29338.7
685	1	-25601.2
686	1	-16926
687	1	-70854.1
688	1	-99531.5
689	1	-19322.5
690	1	78675.2
691	1	-20514.6
692	1	30351.5
693	1	40273.3
694	1	52626.4
695	1	51270.2
696	1	-14346.3
697	1	-84181.3
698	1	8259.81
699	1	21545.6
700	1	28422.8
701	1	62177.7
702	1	-50654.7
703	1	-8323.39
704	1	-9316.52
705	1	9708.57
706	1	54700.3
707	1	-66480.8
708	1	14621.2
709	1	95589.8
710	1	89524.5
711	1	-78909.8
712	1	87636.6
713	1	81969.7
714	1	91795.3
715	1	-13953.7
716	1	-54888.5
717	1	45230.9
718	1	82850.1
719	1	-50076.2
720	1	-39102.6
721	1	86534.7
722	1	-60415.4
723	1	-22357.4
724	1	-23338.3
725	1	3850.06
726	1	-23459.4
727	1	11692.2
728	1	79079
729	1	86445.1
730	1	79408.4
731	1	18827.7
732	1	-29921.2
733	1	81834
734	1	-40340.9
735	1	-63127.5
736	1	-50431.2
737	1	-15311.6
738	1	-98041.2
739	1	79116.3
740	1	21246.3
741	1	-10664.4
742	1	49967.5
743	1	-83221.9
744	1	27893.3
745	1	29839.6
746	1	-76618.5
747	1	-53124.9
748	1	19557.7
749	1	-91486
750	1	26140.6
751	1	-92690.3
752	1	7752.9
753	1	-89821.7
754	1	68959.4
755	1	-42405.8
756	1	-56588.2
757	1	33482.2
758	1	84421.2
759	1	-83393.9
760	1	-10361
761	1	81279.1
762	1	-5414.56
763	1	63905.4
764	1	-24563.8
765	1	40166.2
766	1	9015.2
767	1	1133.73
768	1	-29701
769	1	85417.6
770	1	-96368.5
771	1	64521.8
772	1	-52127.9
773	1	-18835.8
774	1	-55367.4
775	1	69966.2
776	1	12443.4
777	1	22709.5
778	1	-72022.1
779	1	-29874.3
780	1	66788
781	1	-64144
782	1	24005.2
783	1	-83711
784	1	5757.34
785	1	-75963.7
786	1	77457.5
787	1	-32536.6
788	1	55277.7
789	1	-50785.3
790	1	-19197
791	1	-26347
792	1	-55706.4
793	1	49650
794	1	-91198.3
795	1	11941.7
796	1	-72262.1
797	1	-99809.1
798	1	-30285.3
799	1	257.496
800	1	31138.2
801	1	-89764.2
802	1	39810.3
803	1	-4158.54
804	1	64686.2
805	1	82086.4
806	1	35129.5
807	1	-70260.7
808	1	-34892.2
809	1	-32714.3
810	1	-6957.24
811	1	923.736
812	1	-26691.5
813	1	76732.3
814	1	-17574.9
815	1	75354
816	1	-36754
817	1	7110.64
818	1	-98713.5
819	1	94696.1
820	1	90581.3
821	1	1532.52
822	1	32164.1
823	1	62155
824	1	67183.3
825	1	1574.2
826	1	95907.4
827	1	57361.7
828	1	18154.3
829	1	68257
830	1	-9231.07
831	1	-2280.19
832	1	-147.489
833	1	2441.1
834	1	-93724
835	1	85274
836	1	72949.4
837	1	45420.5
838	1	96678.6
839	1	54008.2
840	1	38051.2
841	1	93907.9
842	1	81837.5
843	1	-84102.4
844	1	-13325
845	1	14805
846	1	-92169.1
847	1	-28106.2
848	1	-28107.5
849	1	61853.1
850	1	74927.6
851	1	-60014.3
852	1	44912.6
853	1	-63522
854	1	8300.56
855	1	-93036.3
856	1	-90401.7
857	1	-7487.44
858	1	52456.7
859	1	99744.2
860	1	29241.8
861	1	-28640.6
862	1	-19437.8
863	1	62733.3
864	1	-85752.5
865	1	-22990.5
866	1	-75069.1
867	1	-88662.6
868	1	13632.2
869	1	66448.7
870	1	69676.2
871	1	82588.7
872	1	-17635.9
873	1	-91381.5
874	1	52462.9
875	1	-32789.2
876	1	-54247.9
877	1	-64626.7
878	1	11494.7
879	1	-96002.4
880	1	-53374.7
881	1	97317.9
882	1	48072
883	1	10803.2
884	1	43657.5
885	1	52271.9
886	1	-14030.8
887	1	-4797.16
888	1	55863
889	1	-74286.2
890	1	-74819.1
891	1	-89483.9
892	1	-45844.2
893	1	-53473.3
894	1	30070.4
895	1	-42105.9
896	1	-24573
897	1	42998.6
898	1	4980.33
899	1	-12569.1
900	1	59039.9
901	1	-91400.4
902	1	90413.7
903	1	4314.21
904	1	57826.6
905	1	25692.1
906	1	75328.7
907	1	59328.4
908	1	-26371.9
909	1	-68757.5
910	1	-69637.8
911	1	64812.3
912	1	94335.3
913	1	69722.1
914	1	-57010.5
915	1	-3544.67
916	1	-14316.4
917	1	-23236.3
918	1	30167.1
919	1	30597.9
920	1	71663
921	1	-37791.9
922	1	-75613
923	1	-43322.9
924	1	-37122.5
925	1	-85653.6
926	1	75295.4
927	1	52741.9
928	1	-3708.32
929	1	-71330
930	1	-34188.7
931	1	79291.2
932	1	71085.6
933	1	-57800.7
934	1	26070.5
935	1	513.243
936	1	-11332.8
937	1	-17465.8
938	1	-57535.2
939	1	-13273.6
940	1	-70687.3
941	1	58688.2
942	1	50579.1
943	1	-6111.77
944	1	88195.7
945	1	8954.33
946	1	-507.114
947	1	-32132.5
948	1	48743.6
949	1	-68531.1
950	1	-23565.9
951	1	5004.43
952	1	-85231.5
953	1	-44158.3
954	1	14791
955	1	-46258
956	1	56219.9
957	1	43387.3
958	1	21372.8
959	1	56856
960	1	-35248.9
961	1	-44901.1
962	1	4201.6
963	1	-37390
964	1	17329.9
965	1	9270.71
966	1	-90805.8
967	1	30802.2
968	1	51083.1
969	1	-82125.6
970	1	-27841.8
971	1	-85145.3
972	1	-29151
973	1	76049.3
974	1	88445.7
975	1	-28928.2
976	1	15629.3
977	1	87611.1
978	1	95571.3
979	1	-19552.8
980	1	-40276.4
981	1	-13776.9
982	1	-87615.1
983	1	-86770.5
984	1	-65051.9
985	1	-23090
986	1	-38085.5
987	1	-21054.3
988	1	-30543.7
989	1	-14555
990	1	21190.2
991	1	41425.6
992	1	46465.3
993	1	23698.4
994	1	50747.7
995	1	-84632.1
996	1	55267.2
997	1	56461.4
998	1	85226.6
999	1	-34554.6
1000	1	67226.9
1001	1	-49024
1002	1	34992.1
1003	1	93625.6
1004	1	35703.7
1005	1	-22599.8
1006	1	21324.4
1007	1	65324.6
1008	1	88040.5
1009	1	-68832.9
1010	1	15308.3
1011	1	79700.3
1012	1	-24015.8
1013	1	59883.2
1014	1	65558.4
1015	1	-7479.28
1016	1	-22858.5
1017	1	-82191.8
1018	1	31688.5
1019	1	44171.2
1020	1	-8222.14
1021	1	-98578.7
1022	1	25318.2
1023	1	-90695.4
1024	1	82684.3
1025	1	25637.8
1026	1	38655.7
1027	1	82803.6
1028	1	-39871.3
1029	1	-37937.6
1030	1	19592
1031	1	-97341.3
1032	1	-20383.5
1033	1	96557.1
1034	1	50747
1035	1	67325.1
1036	1	53141
1037	1	58104.5
1038	1	-36999.2
1039	1	-80984.8
1040	1	8380.37
1041	1	57912.3
1042	1	-10723.7
1043	1	-67900.7
1044	1	-2028.05
1045	1	54014.5
1046	1	20277.8
1047	1	-88268.8
1048	1	84316.1
1049	1	83610.7
1050	1	40405.7
1051	1	-22470.9
1052	1	-99859.7
1053	1	90538.8
1054	1	40770.4
1055	1	-74333
1056	1	27526.8
1057	1	79702
1058	1	38164.4
1059	1	-34251.7
1060	1	45118.3
1061	1	-41319.4
1062	1	85206.7
1063	1	27991.2
1064	1	93162.4
1065	1	-76769.6
1066	1	-28058.3
1067	1	36604.3
1068	1	-4422.52
1069	1	-88749.7
1070	1	54434.4
1071	1	-29701
1072	1	89575.9
1073	1	91925.9
1074	1	64637.8
1075	1	74404.4
1076	1	94251.4
1077	1	55736.3
1078	1	89830.4
1079	1	-89730.8
1080	1	-67348.2
1081	1	-49036
1082	1	50485.8
1083	1	-96167.2
1084	1	-42410.6
1085	1	-85504.5
1086	1	8109.18
1087	1	2946.37
1088	1	-17128.6
1089	1	-34374.2
1090	1	-17071.8
1091	1	-61001.7
1092	1	73236.9
1093	1	-21657.2
1094	1	95673.8
1095	1	59763.3
1096	1	-44585.1
1097	1	-81928.3
1098	1	17702.6
1099	1	76805.2
1100	1	-35829.1
1101	1	-45554.2
1102	1	22653.1
1103	1	-14379.4
1104	1	6889.02
1105	1	-60152.9
1106	1	-65196.9
1107	1	94106.1
1108	1	-36295.3
1109	1	67081.1
1110	1	95958.9
1111	1	-9790.72
1112	1	-91082.2
1113	1	50163.5
1114	1	-73272.7
1115	1	71939.9
1116	1	73024
1117	1	76375.4
1118	1	-70019.5
1119	1	22673.4
1120	1	18876
1121	1	15749.7
1122	1	69860.3
1123	1	68272.7
1124	1	20348.1
1125	1	-28854.5
1126	1	30439.9
1127	1	10319.3
1128	1	-63167.3
1129	1	47653.9
1130	1	39552.1
1131	1	-82434.1
1132	1	-5519.83
1133	1	44763.6
1134	1	-85454.1
1135	1	84327.4
1136	1	-30270.5
1137	1	76304.3
1138	1	-60422
1139	1	55545.9
1140	1	-69592.3
1141	1	12132.1
1142	1	62863.8
1143	1	51963.5
1144	1	32466.4
1145	1	33106.1
1146	1	-95733
1147	1	70791.3
1148	1	82413.1
1149	1	35620.7
1150	1	-17308.2
1151	1	74573.2
1152	1	51398.1
1153	1	-90465.4
1154	1	61089.7
1155	1	53033.2
1156	1	43248.1
1157	1	-67306.1
1158	1	-57369.3
1159	1	83289.4
1160	1	-77772.5
1161	1	89838.7
1162	1	-9801.82
1163	1	7052.51
1164	1	37598.1
1165	1	26375.3
1166	1	-58370
1167	1	-22612.3
1168	1	40754.3
1169	1	-96025.3
1170	1	-92371.7
1171	1	48229.1
1172	1	49570.1
1173	1	60296.1
1174	1	-66855.7
1175	1	94592.3
1176	1	-93526.8
1177	1	42244
1178	1	86504.5
1179	1	-63230.9
1180	1	-11582.1
1181	1	-29122.5
1182	1	-42125.2
1183	1	-40059.8
1184	1	88618.3
1185	1	-12430.2
1186	1	89383.4
1187	1	-8145.09
1188	1	-31938.9
1189	1	-83549.4
1190	1	71510.5
1191	1	17940.4
1192	1	-8484.68
1193	1	-81264.2
1194	1	51445.3
1195	1	-48903.7
1196	1	20049.3
1197	1	62576.6
1198	1	23835.9
1199	1	-71948
1200	1	-53168.4
1201	1	72509.5
1202	1	-90202.5
1203	1	1653.51
1204	1	-27767.3
1205	1	27778.9
1206	1	-64637.9
1207	1	51169.7
1208	1	-74186.4
1209	1	58392.6
1210	1	29411.2
1211	1	72640.9
1212	1	-72698.2
1213	1	-27187.5
1214	1	13894.9
1215	1	55862.9
1216	1	65801.6
1217	1	-21505.1
1218	1	-31386.8
1219	1	-79046.9
1220	1	21229
1221	1	-62401.3
1222	1	47232.9
1223	1	45892.8
1224	1	88518.6
1225	1	65015.6
1226	1	90416.5
1227	1	-9141.93
1228	1	-56387.1
1229	1	-97826.5
1230	1	50335.7
1231	1	-37177.2
1232	1	-31020.7
1233	1	-84960.1
1234	1	-6442.98
1235	1	-26737.6
1236	1	-5317.34
1237	1	69175.6
1238	1	-60036.9
1239	1	5625.07
1240	1	-29533
1241	1	-25066.5
1242	1	-50380.1
1243	1	24016
1244	1	73868.5
1245	1	-26929.9
1246	1	-48793
1247	1	-60117.8
1248	1	-76059
1249	1	30973.4
1250	1	-46969
1251	1	-77720.1
1252	1	82995.8
1253	1	-94314.8
1254	1	14195.4
1255	1	78357.9
1256	1	89521.3
1257	1	-25974.1
1258	1	-45726.9
1259	1	-90882.9
1260	1	74496.4
1261	1	61214
1262	1	-74353.2
1263	1	-50150.6
1264	1	80779
1265	1	47041.2
1266	1	-61269.5
1267	1	14212.3
1268	1	55621.3
1269	1	-66298.7
1270	1	-21298.1
1271	1	-79489.3
1272	1	40736.9
1273	1	31070.1
1274	1	36268.6
1275	1	21290.7
1276	1	-5844.84
1277	1	-33695.2
1278	1	-80659.7
1279	1	-4625.05
1280	1	30835
1281	1	-96076.3
1282	1	-37663.1
1283	1	-92077.9
1284	1	-77658.9
1285	1	-39042.2
1286	1	87361.7
1287	1	66503.9
1288	1	27650.1
1289	1	-27793.4
1290	1	74214.2
1291	1	15863.2
1292	1	13692
1293	1	86936.9
1294	1	63013.4
1295	1	-46637.6
1296	1	-34097.2
1297	1	-80044.7
1298	1	-4281.71
1299	1	-14334
1300	1	64053.7
1301	1	2832.53
1302	1	38175.3
1303	1	31003.8
1304	1	-8349.39
1305	1	76264.8
1306	1	51468.5
1307	1	-64641.2
1308	1	-5334.01
1309	1	-24797
1310	1	17049.5
1311	1	68209.1
1312	1	-85874.5
1313	1	-80692.5
1314	1	-22799.3
1315	1	-22692.6
1316	1	3500.67
1317	1	12031.1
1318	1	-75990.3
1319	1	-40012.7
1320	1	-58984
1321	1	-11324
1322	1	68938
1323	1	-4079.1
1324	1	3845.58
1325	1	53906.2
1326	1	61446.7
1327	1	60004.7
1328	1	-12340.6
1329	1	-69001.4
1330	1	-58540
1331	1	67117.6
1332	1	89042
1333	1	-74211
1334	1	-47130.7
1335	1	92088.5
1336	1	-23891.9
1337	1	33797.1
1338	1	59661
1339	1	3557.8
1340	1	60903.3
1341	1	87387.8
1342	1	-5727.52
1343	1	-79012.7
1344	1	60158
1345	1	73054.6
1346	1	55690.3
1347	1	15260.6
1348	1	-17321.1
1349	1	-43170
1350	1	99673.4
1351	1	-76024
1352	1	84907.4
1353	1	45073.8
1354	1	88879.9
1355	1	964.371
1356	1	-90899.9
1357	1	-20381.5
1358	1	-84834.8
1359	1	55593.8
1360	1	78541.2
1361	1	19251.9
1362	1	19152.4
1363	1	-89131.4
1364	1	98156.3
1365	1	97698
1366	1	-89617.6
1367	1	46618.4
1368	1	70674
1369	1	-39726.3
1370	1	55424.4
1371	1	-47290.8
1372	1	1169.08
1373	1	56183
1374	1	-37617
1375	1	56177.8
1376	1	-9625.6
1377	1	5611.74
1378	1	-51174.1
1379	1	90102
1380	1	67142.6
1381	1	51447.2
1382	1	75528.9
1383	1	-56321.5
1384	1	12982.8
1385	1	-48045.6
1386	1	35824.3
1387	1	-3010.8
1388	1	26395.8
1389	1	-8818.43
1390	1	-39505
1391	1	50427.3
1392	1	92630.7
1393	1	72940.8
1394	1	35209.2
1395	1	-74345.9
1396	1	45290.4
1397	1	3233.06
1398	1	13717.1
1399	1	8474.67
1400	1	3762.6
1401	1	72534.5
1402	1	1894.11
1403	1	60478.5
1404	1	-45079.3
1405	1	92519
1406	1	47554.1
1407	1	-69786.8
1408	1	-97439.7
1409	1	-40420
1410	1	-99581
1411	1	-91417.5
1412	1	-60900.4
1413	1	78762.2
1414	1	77722
1415	1	51671
1416	1	70021.7
1417	1	-36037.2
1418	1	-7260.05
1419	1	7274.52
1420	1	-80718.4
1421	1	92433
1422	1	-13871.8
1423	1	78131.4
1424	1	75681
1425	1	-6900.12
1426	1	-63835
1427	1	-26759.1
1428	1	71465.9
1429	1	96241.1
1430	1	-35906.8
1431	1	-77668.2
1432	1	90362.9
1433	1	-69591.4
1434	1	88841.2
1435	1	-19135.5
1436	1	62941.9
1437	1	-40587.8
1438	1	55162.3
1439	1	78216.8
1440	1	-27480.1
1441	1	72449.9
1442	1	-79835.3
1443	1	74394.8
1444	1	-96505.4
1445	1	43803.1
1446	1	-62806.5
1447	1	-41496.1
1448	1	-31308.5
1449	1	95324.1
1450	1	-21654.3
1451	1	70767.4
1452	1	-90320.4
1453	1	-80179.2
1454	1	28000.8
1455	1	-73500.5
1456	1	91416.6
1457	1	90771.6
1458	1	-69748.7
1459	1	39235.9
1460	1	87680.3
1461	1	-95514.6
1462	1	-46511.6
1463	1	77127.5
1464	1	-69582.4
1465	1	-45826.8
1466	1	43213.5
1467	1	-79274.4
1468	1	53763.8
1469	1	25379.1
1470	1	29419.9
1471	1	-11534.8
1472	1	99232.2
1473	1	-67037.6
1474	1	-36238.1
1475	1	-37813.1
1476	1	-29577.4
1477	1	66513.8
1478	1	43065.8
1479	1	105.329
1480	1	-42562.8
1481	1	29016.1
1482	1	91767.9
1483	1	-6528.28
1484	1	61656.6
1485	1	-45855.5
1486	1	2434.69
1487	1	96461.4
1488	1	19043.1
1489	1	-56948.2
1490	1	-95719.7
1491	1	-45396.1
1492	1	-75326
1493	1	-70526.5
1494	1	41834.7
1495	1	-96843.8
1496	1	86623.5
1497	1	-73188.1
1498	1	4359.22
1499	1	-65226.8
1500	1	-3796.31
1501	1	89611.3
1502	1	-79476.5
1503	1	-67197
1504	1	78132
1505	1	-74090.9
1506	1	-4329.44
1507	1	-33380.6
1508	1	-3660
1509	1	89001.5
1510	1	-61615
1511	1	-69501.3
1512	1	80222.1
1513	1	61763.3
1514	1	29932.1
1515	1	-53262
1516	1	3262.71
1517	1	-550.389
1518	1	75983.8
1519	1	-14159.3
1520	1	21352.3
1521	1	96268.9
1522	1	41471.8
1523	1	-96713.6
1524	1	35069.6
1525	1	33358.8
1526	1	10570.1
1527	1	11535.4
1528	1	84421
1529	1	-79617.2
1530	1	-31316
1531	1	-22391.3
1532	1	-88914.2
1533	1	-74135.6
1534	1	38844.9
1535	1	-29222.3
1536	1	-4902.43
1537	1	-25800.6
1538	1	59892.3
1539	1	-24471.7
1540	1	-78205.9
1541	1	-20074.8
1542	1	77466.6
1543	1	26455.2
1544	1	7453.47
1545	1	76969
1546	1	-64445.4
1547	1	-93699
1548	1	9538.4
1549	1	-78501.8
1550	1	-8805.8
1551	1	-34873.9
1552	1	33874
1553	1	33638.1
1554	1	73987.7
1555	1	-65881.9
1556	1	94454.7
1557	1	39871.9
1558	1	27262
1559	1	67909.8
1560	1	-78670
1561	1	-66753.1
1562	1	86814.5
1563	1	-52245.2
1564	1	42635.5
1565	1	-20115.7
1566	1	22868.6
1567	1	66180.9
1568	1	64690.3
1569	1	-76113.4
1570	1	-35048.3
1571	1	27276.6
1572	1	82602.3
1573	1	1552.92
1574	1	59656.1
1575	1	-57019
1576	1	-18466.4
1577	1	62452.6
1578	1	-28818.3
1579	1	8832.83
1580	1	41188.3
1581	1	54820.6
1582	1	-13267.9
1583	1	47099.5
1584	1	-33189.6
1585	1	-32871.6
1586	1	41407.6
1587	1	-29.0172
1588	1	23671.2
1589	1	-42654.5
1590	1	7397.76
1591	1	88961.6
1592	1	29857.8
1593	1	-89037.5
1594	1	45725.5
1595	1	15937.1
1596	1	-75331.7
1597	1	70766.6
1598	1	24634.3
1599	1	33622.2
1600	1	26262.7
1601	1	5542.41
1602	1	9025.06
1603	1	10325.1
1604	1	7939.61
1605	1	-76489
1606	1	92159.9
1607	1	-31997.4
1608	1	-524.884
1609	1	-74668.5
1610	1	-97469.1
1611	1	-22563.5
1612	1	-74353
1613	1	-30790.1
1614	1	32088.3
1615	1	36752.6
1616	1	46906.7
1617	1	-94770.8
1618	1	-2556.82
1619	1	-78313.8
1620	1	-53151.6
1621	1	64240.5
1622	1	21525.5
1623	1	-66546.5
1624	1	6901.81
1625	1	6474.6
1626	1	-35067.6
1627	1	4597.36
1628	1	-20245.6
1629	1	-3546.44
1630	1	-75378.8
1631	1	-45155.2
1632	1	42547
1633	1	42130.5
1634	1	64615.8
1635	1	-57854.6
1636	1	64895.2
1637	1	35640.1
1638	1	-14642.3
1639	1	-91267.4
1640	1	-68261.3
1641	1	52486.5
1642	1	-73378
1643	1	-27385.9
1644	1	-88738.2
1645	1	3343.18
1646	1	-82662
1647	1	-4827.86
1648	1	-93377.2
1649	1	64992.4
1650	1	43029.6
1651	1	-32740.1
1652	1	-93266.9
1653	1	-20347
1654	1	58964.5
1655	1	-25946.1
1656	1	57361
1657	1	-42006.1
1658	1	65439.1
1659	1	-57591.7
1660	1	8967.41
1661	1	43453.7
1662	1	3922.68
1663	1	-44473.2
1664	1	82555.6
1665	1	-70303.7
1666	1	48816.8
1667	1	73155.9
1668	1	-5510.68
1669	1	20450
1670	1	-83949.9
1671	1	-95297.9
1672	1	84519.2
1673	1	32915
1674	1	-94897.9
1675	1	38802.9
1676	1	91436.6
1677	1	-25540.9
1678	1	12694.2
1679	1	38898.4
1680	1	-31569.4
1681	1	9368.28
1682	1	-81911
1683	1	24067
1684	1	-84836.4
1685	1	56707.5
1686	1	43561.5
1687	1	-12379
1688	1	-61758.9
1689	1	-58522.3
1690	1	-26297
1691	1	74516.8
1692	1	97400
1693	1	-57623.4
1694	1	-28475.7
1695	1	26469.5
1696	1	71375.5
1697	1	-94921.7
1698	1	-68511.3
1699	1	85252.8
1700	1	11604.5
1701	1	36692.9
1702	1	47243.6
1703	1	-36120.5
1704	1	-27639.9
1705	1	39116
1706	1	27290.7
1707	1	49935.3
1708	1	26606.9
1709	1	-68409.5
1710	1	-48710.2
1711	1	65823.5
1712	1	515.17
1713	1	34542.3
1714	1	38954.3
1715	1	45809.8
1716	1	69389.8
1717	1	-21256.2
1718	1	-85035.6
1719	1	-45560.7
1720	1	-57943.6
1721	1	-40056.9
1722	1	60547.7
1723	1	-26541
1724	1	-8709.49
1725	1	-66682.2
1726	1	3171.14
1727	1	-30812
1728	1	16438.7
1729	1	24196.6
1730	1	-1524.81
1731	1	-86600.8
1732	1	-86300.2
1733	1	-5926.83
1734	1	-37337.5
1735	1	72344
1736	1	91031
1737	1	-42448.3
1738	1	87623.6
1739	1	-15340.5
1740	1	-72836.8
1741	1	7392.99
1742	1	-36795.5
1743	1	-62376.2
1744	1	-465.108
1745	1	51005.3
1746	1	73244.8
1747	1	-39948.9
1748	1	68583.4
1749	1	-1178.33
1750	1	3406
1751	1	-55412.9
1752	1	-84688.2
1753	1	47444.5
1754	1	-66373.9
1755	1	-30001.4
1756	1	66788.6
1757	1	-24276.6
1758	1	13975.8
1759	1	-57420.7
1760	1	-63607.1
1761	1	53712.4
1762	1	-54521.5
1763	1	17555.9
1764	1	4136
1765	1	-73355
1766	1	39599.3
1767	1	-71854.8
1768	1	-16470
1769	1	-78639.4
1770	1	-74447.8
1771	1	67876.9
1772	1	10685.1
1773	1	7396.76
1774	1	61380.1
1775	1	-1390
1776	1	-10968.7
1777	1	-89238.9
1778	1	-34295.3
1779	1	37851.9
1780	1	12814.1
1781	1	54358.6
1782	1	50919.3
1783	1	-54682.9
1784	1	-11638.1
1785	1	43879.8
1786	1	14579
1787	1	64853.8
1788	1	13424.3
1789	1	-44936.4
1790	1	-37547.2
1791	1	-43578.6
1792	1	48126.2
1793	1	63059.6
1794	1	-78919.6
1795	1	537.587
1796	1	80580.2
1797	1	-30542.8
1798	1	70132.6
1799	1	23813.6
1800	1	75224.2
1801	1	-83600.6
1802	1	55742.1
1803	1	-4739.31
1804	1	4023.34
1805	1	2970.66
1806	1	62058.9
1807	1	-84928.4
1808	1	39639
1809	1	-86017.4
1810	1	-17617.8
1811	1	-2292.48
1812	1	-74213.6
1813	1	-80026.1
1814	1	-68171.3
1815	1	68017.3
1816	1	-76660.2
1817	1	-90334.4
1818	1	-47561.1
1819	1	-49123.8
1820	1	-92925.6
1821	1	88465.5
1822	1	-48079.8
1823	1	-6552.56
1824	1	-63678.7
1825	1	92767.7
1826	1	81272.6
1827	1	-67260.1
1828	1	34452.8
1829	1	-43386.2
1830	1	10030
1831	1	66639.7
1832	1	50100.5
1833	1	21565.4
1834	1	-3629.73
1835	1	60272.6
1836	1	-44297.9
1837	1	-77699.7
1838	1	-27924.2
1839	1	-8925.52
1840	1	-27121.6
1841	1	-10439.7
1842	1	18861.4
1843	1	28494
1844	1	40359.6
1845	1	-45413.9
1846	1	83679
1847	1	29980.6
1848	1	69185.9
1849	1	5696.73
1850	1	-23742.3
1851	1	-8827.38
1852	1	90718.2
1853	1	-91093
1854	1	-13906.5
1855	1	15973.9
1856	1	6535.46
1857	1	12743.6
1858	1	-56559.9
1859	1	-85723.3
1860	1	96360.4
1861	1	-24092.8
1862	1	24753.4
1863	1	-87883.1
1864	1	91226.9
1865	1	-88583.4
1866	1	51747.5
1867	1	49059.6
1868	1	86424.9
1869	1	-3894
1870	1	-21905.2
1871	1	-40719
1872	1	-82535.2
1873	1	-51322.5
1874	1	46476.4
1875	1	92769.3
1876	1	-69475.6
1877	1	97571.5
1878	1	31806.1
1879	1	-86950.3
1880	1	-96614.8
1881	1	-51108.4
1882	1	-22574.9
1883	1	-52320.7
1884	1	-8662.13
1885	1	-88135.9
1886	1	-77431.3
1887	1	12966.9
1888	1	-41620.3
1889	1	-64021.1
1890	1	42549.4
1891	1	20633
1892	1	99462.7
1893	1	-67080.2
1894	1	87753.3
1895	1	-26028
1896	1	-91909.6
1897	1	-41752.6
1898	1	-51007.3
1899	1	-5015.35
1900	1	-43613.6
1901	1	26668
1902	1	24068.1
1903	1	37131.9
1904	1	-66174.3
1905	1	-93323.9
1906	1	-87929.5
1907	1	-49752.2
1908	1	-9663.17
1909	1	-79642.2
1910	1	67089.7
1911	1	43506.8
1912	1	-63907.9
1913	1	26295.4
1914	1	-15932
1915	1	56958
1916	1	35214.1
1917	1	25625.6
1918	1	84482.5
1919	1	-11816.6
1920	1	448.284
1921	1	74592.1
1922	1	33231.2
1923	1	92333.3
1924	1	-73699.5
1925	1	49994.6
1926	1	-30329
1927	1	-41977.6
1928	1	-69951.9
1929	1	-27646.8
1930	1	-22500.3
1931	1	-52593.3
1932	1	-96279.4
1933	1	-39950.7
1934	1	-58037.5
1935	1	10736.9
1936	1	-25751.7
1937	1	10494.2
1938	1	37419.9
1939	1	64971.2
1940	1	-3713.07
1941	1	7639.64
1942	1	53770.5
1943	1	-8721.83
1944	1	-46986.6
1945	1	78341.9
1946	1	72204.8
1947	1	74950.4
1948	1	54212.7
1949	1	-56651.7
1950	1	95264.2
1951	1	-59838.5
1952	1	-95963.9
1953	1	34214.7
1954	1	90285.6
1955	1	78106.6
1956	1	-7745.72
1957	1	32333.4
1958	1	-58137.6
1959	1	62138.3
1960	1	2837.36
1961	1	84486.5
1962	1	-66843.8
1963	1	5181.9
1964	1	-49493.2
1965	1	57057.6
1966	1	-61674.2
1967	1	2089.52
1968	1	-55764.8
1969	1	2288.14
1970	1	-63090.7
1971	1	84266.4
1972	1	94726
1973	1	98328.5
1974	1	15430.4
1975	1	-97298.1
1976	1	78485.5
1977	1	41626.1
1978	1	93115.4
1979	1	6668.56
1980	1	-34589.9
1981	1	-14423.5
1982	1	98731
1983	1	27291.4
1984	1	-808.462
1985	1	51210.9
1986	1	62000.9
1987	1	-77899
1988	1	-19549.9
1989	1	5193.08
1990	1	-29889.5
1991	1	-5187.59
1992	1	-78574.7
1993	1	75048.6
1994	1	-10238.9
1995	1	14135.3
1996	1	-99890.8
1997	1	91691.6
1998	1	-36783.7
1999	1	-97262.3
2000	1	58290.2
2001	1	27101.8
2002	1	-20228.7
2003	1	-40219.3
2004	1	75279.2
2005	1	91820
2006	1	-40169.1
2007	1	-43007.9
2008	1	71885.1
2009	1	-22580.1
2010	1	95953.4
2011	1	63778.5
2012	1	71831.9
2013	1	-3329.46
2014	1	2648.52
2015	1	-45921.8
2016	1	-42340.3
2017	1	83596.1
2018	1	66397.8
2019	1	-12441.9
2020	1	-85595.4
2021	1	60328.6
2022	1	72312.3
2023	1	-32680
2024	1	-44533.4
2025	1	31674.8
2026	1	1859.8
2027	1	-58675.6
2028	1	32384.9
2029	1	-51573.3
2030	1	-6692.98
2031	1	55678.4
2032	1	27953.5
2033	1	-18215.2
2034	1	17602.7
2035	1	24004
2036	1	10774.5
2037	1	-52926.4
2038	1	-79498.6
2039	1	-70567.4
2040	1	-65465.7
2041	1	-16768
2042	1	81404.3
2043	1	9676.76
2044	1	-71886.2
2045	1	-21187.2
2046	1	-71765.4
2047	1	-47337.3
2048	1	32571.1
2049	1	67514.1
2050	1	-39132.5
2051	1	-92231.6
2052	1	-71937
2053	1	54571
2054	1	72871.5
2055	1	4562.42
2056	1	59694.2
2057	1	89614.3
2058	1	41185
2059	1	32985.7
2060	1	81003.1
2061	1	-62520.9
2062	1	-11032.5
2063	1	46448
2064	1	-19362.7
2065	1	-66875.8
2066	1	63666.8
2067	1	-65199.5
2068	1	94951.9
2069	1	-16144.3
2070	1	56387.5
2071	1	-63195.8
2072	1	64070.4
2073	1	61365.1
2074	1	67552.9
2075	1	-31372.2
2076	1	23691.6
2077	1	38287.9
2078	1	69684.3
2079	1	-29334.6
2080	1	-30399.1
2081	1	74931.8
2082	1	-40824.9
2083	1	46005.4
2084	1	59442.7
2085	1	-9473.47
2086	1	68729.1
2087	1	-85672.4
2088	1	-16521
2089	1	47145.4
2090	1	35880.2
2091	1	-24604.9
2092	1	-78988.5
2093	1	5321.73
2094	1	-36806.5
2095	1	-54949.1
2096	1	87506.4
2097	1	73467.7
2098	1	58319.8
2099	1	-25649.1
2100	1	52524
2101	1	54675.4
2102	1	46681.8
2103	1	36651.3
2104	1	-23215.3
2105	1	30929.8
2106	1	27091.7
2107	1	-35684.1
2108	1	-85234.2
2109	1	10578.9
2110	1	-90768.6
2111	1	77000.1
2112	1	-41626.9
2113	1	-8332.49
2114	1	13374
2115	1	56192.1
2116	1	-18476.5
2117	1	-98100
2118	1	-13921.4
2119	1	58191.4
2120	1	67003.6
2121	1	43990.7
2122	1	62489.6
2123	1	40677.6
2124	1	54630.9
2125	1	-78321.3
2126	1	46593.5
2127	1	31154.6
2128	1	52912.2
2129	1	32810.8
2130	1	-60758.5
2131	1	85336.7
2132	1	-33656
2133	1	-59220.8
2134	1	6089.31
2135	1	44356.3
2136	1	99542
2137	1	14875.4
2138	1	-98982.7
2139	1	-52849
2140	1	75938.3
2141	1	46608.7
2142	1	81419.5
2143	1	-42809.7
2144	1	26913.6
2145	1	6999.45
2146	1	-97370.5
2147	1	-22943.5
2148	1	49333.8
2149	1	-69953
2150	1	46564.8
2151	1	28273.3
2152	1	-41433.5
2153	1	-88848.7
2154	1	-3058.53
2155	1	36951.9
2156	1	8628.67
2157	1	36705.7
2158	1	37586.5
2159	1	57366.5
2160	1	-35918.1
2161	1	-76729.7
2162	1	31254.3
2163	1	-52340.4
2164	1	48903.5
2165	1	35534
2166	1	74134.5
2167	1	-62289.6
2168	1	-73801.4
2169	1	82877.6
2170	1	40418.7
2171	1	87960.3
2172	1	-61703.1
2173	1	-63678.8
2174	1	37876.9
2175	1	-56118.3
2176	1	-22237.4
2177	1	-68636.7
2178	1	-64833.7
2179	1	97278.9
2180	1	-95386.3
2181	1	73792.9
2182	1	-58731.2
2183	1	-57162.6
2184	1	58259.5
2185	1	-83391.2
2186	1	-45787.6
2187	1	-59906.8
2188	1	58555.9
2189	1	34742.3
2190	1	44010.2
2191	1	-86809.2
2192	1	-87581
2193	1	-98214.6
2194	1	56866.2
2195	1	-91172.6
2196	1	-20078.3
2197	1	-96480.7
2198	1	70436.5
2199	1	90230.9
2200	1	62071
2201	1	81541.3
2202	1	-18759.8
2203	1	-88413.9
2204	1	89385.1
2205	1	-41976
2206	1	-6690.81
2207	1	11372.4
2208	1	-59219
2209	1	-97203.6
2210	1	5844.95
2211	1	-38676
2212	1	-31503.4
2213	1	-96866.6
2214	1	38008.7
2215	1	-19994.2
2216	1	70280.1
2217	1	-77812.3
2218	1	56332.3
2219	1	13348.9
2220	1	-36895.8
2221	1	-27064.9
2222	1	34041.4
2223	1	-54485.9
2224	1	-99741
2225	1	29220.5
2226	1	8264.08
2227	1	-17001.5
2228	1	15616.3
2229	1	-36404.9
2230	1	49637.7
2231	1	33675.8
2232	1	-19089.6
2233	1	57506.1
2234	1	-49254.9
2235	1	2169.47
2236	1	-50055.7
2237	1	50757.1
2238	1	59296
2239	1	33328.2
2240	1	39845.7
2241	1	-53973.9
2242	1	21135.4
2243	1	87504.3
2244	1	-70327.1
2245	1	33052.7
2246	1	40832.6
2247	1	5722.91
2248	1	29326.7
2249	1	-40330.1
2250	1	-22531.3
2251	1	-68799.8
2252	1	94698.5
2253	1	-64398.3
2254	1	21873
2255	1	-45653.1
2256	1	58437.8
2257	1	53653.9
2258	1	66752.7
2259	1	-67992.5
2260	1	-8869.2
2261	1	42535.1
2262	1	-29209.8
2263	1	42500.8
2264	1	55733.1
2265	1	36449.7
2266	1	-48194
2267	1	-1173.15
2268	1	-92661.9
2269	1	39558.6
2270	1	71768.4
2271	1	-70723
2272	1	-91352
2273	1	82228.9
2274	1	73318.8
2275	1	-57968.4
2276	1	49065.6
2277	1	-53960.9
2278	1	92601.5
2279	1	-70464.3
2280	1	-63932.9
2281	1	-12352.5
2282	1	-25698.3
2283	1	25190.1
2284	1	21187.6
2285	1	43953.2
2286	1	-11965.3
2287	1	-81771.3
2288	1	91853.9
2289	1	265.079
2290	1	-14679.3
2291	1	-95570.7
2292	1	67057.9
2293	1	79193.8
2294	1	33932.7
2295	1	46172.8
2296	1	-63178.6
2297	1	68356.8
2298	1	70930
2299	1	-82267.7
2300	1	27394.6
2301	1	48831.4
2302	1	40338.8
2303	1	-8670.73
2304	1	39579.3
2305	1	54128.3
2306	1	-80585.4
2307	1	-36212
2308	1	1232.97
2309	1	5261.78
2310	1	-23299.8
2311	1	91303.3
2312	1	55860.9
2313	1	-82448.4
2314	1	-82372.1
2315	1	66595.2
2316	1	-97701.8
2317	1	-2913.42
2318	1	-70044.2
2319	1	-90199.5
2320	1	-39780.3
2321	1	52923.1
2322	1	-46581
2323	1	-26094.4
2324	1	-83643.7
2325	1	-95069.8
2326	1	35885.7
2327	1	75668.6
2328	1	76076.1
2329	1	51763.2
2330	1	-49782.8
2331	1	-23069.4
2332	1	-98792.3
2333	1	96252.2
2334	1	8540.03
2335	1	79829
2336	1	-22162.3
2337	1	28095.5
2338	1	34418.1
2339	1	47146.7
2340	1	221.922
2341	1	85387.2
2342	1	49476.9
2343	1	-86857.6
2344	1	86718.3
2345	1	-41483.4
2346	1	17578.6
2347	1	60981
2348	1	-82876.9
2349	1	85731.8
2350	1	70253
2351	1	-17610.2
2352	1	-84532.8
2353	1	-41647.5
2354	1	-64163.9
2355	1	69454.9
2356	1	45902.6
2357	1	4764.57
2358	1	89690.6
2359	1	-31679.4
2360	1	-16671
2361	1	-91373.5
2362	1	-77249.1
2363	1	-6318.48
2364	1	-14766.6
2365	1	-126.927
2366	1	68984.3
2367	1	-95702.9
2368	1	-95444.1
2369	1	23495.3
2370	1	27834.5
2371	1	-14615.4
2372	1	77023.1
2373	1	78980.4
2374	1	-64156.3
2375	1	-77996.3
2376	1	-28254.7
2377	1	-44928.7
2378	1	-28303.8
2379	1	-41337.3
2380	1	-99954.1
2381	1	-69917.4
2382	1	-33252.9
2383	1	-17120.3
2384	1	14684.2
2385	1	-55100.7
2386	1	-89698
2387	1	-92328.8
2388	1	-50318.6
2389	1	-44397.9
2390	1	35716.4
2391	1	7855.35
2392	1	53839.6
2393	1	76288.2
2394	1	-11901.3
2395	1	-79607.6
2396	1	-71771
2397	1	24139.4
2398	1	39890.3
2399	1	-56109.5
2400	1	58843.9
2401	1	15214.5
2402	1	87081.7
2403	1	58087
2404	1	-97579
2405	1	57448.4
2406	1	10822.4
2407	1	67949.9
2408	1	12988
2409	1	58301.8
2410	1	-28602.5
2411	1	-56430.3
2412	1	-30083.6
2413	1	-25017.5
2414	1	-12051.6
2415	1	36459.9
2416	1	28913.6
2417	1	-4731.84
2418	1	75017.8
2419	1	77973.9
2420	1	-55380.7
2421	1	-52301.1
2422	1	-66653.9
2423	1	-72464.2
2424	1	71553.5
2425	1	-76222.5
2426	1	-21476.1
