329	1	329
1	1	-8530.8
2	1	-10168.9
3	1	36381.7
4	1	31613.4
5	1	-20680.8
6	1	-96702.6
7	1	-21864
8	1	41794.3
9	1	-20368.2
10	1	3767.84
11	1	-24387
12	1	-73664.9
13	1	95439
14	1	-87781
15	1	83955.3
16	1	91117.2
17	1	-78568
18	1	-9004.46
19	1	-93275.2
20	1	43865.8
21	1	15085.3
22	1	2607.69
23	1	-13419.7
24	1	-4710.38
25	1	-46954
26	1	32691.2
27	1	4314.2
28	1	60796.3
29	1	92779.6
30	1	-91673
31	1	-20279.9
32	1	-32966.6
33	1	30075.2
34	1	21846.7
35	1	3621.78
36	1	24233.1
37	1	-6226.66
38	1	-32470
39	1	-64948.4
40	1	55344.2
41	1	-84540.4
42	1	-11348
43	1	85469.4
44	1	-75450.7
45	1	62765.8
46	1	-5277.39
47	1	41923.6
48	1	57599
49	1	1758.93
50	1	56297.2
51	1	69294.3
52	1	-62728.5
53	1	-23466.2
54	1	7752.14
55	1	-77109.7
56	1	4499.83
57	1	-95856.1
58	1	13500.8
59	1	-95655.6
60	1	-40856.9
61	1	43867.6
62	1	74630.1
63	1	-93092.1
64	1	-8550.72
65	1	56705.7
66	1	54911
67	1	-65195.4
68	1	20317.2
69	1	-82260.5
70	1	-38326.8
71	1	12114.2
72	1	3415.97
73	1	32988.4
74	1	-89173
75	1	-49149.2
76	1	-70060.3
77	1	17533.7
78	1	-89913.2
79	1	-17115.4
80	1	97694
81	1	-68142.4
82	1	76864.4
83	1	66049
84	1	85934.4
85	1	-58201.5
86	1	-87600.8
87	1	47769.6
88	1	60752.2
89	1	-43312.8
90	1	45120
91	1	-78856.5
92	1	78217.5
93	1	16806.2
94	1	56384.8
95	1	-77364.3
96	1	91106.3
97	1	-66549.2
98	1	-24497.2
99	1	39781.1
100	1	-14042.1
101	1	11484.6
102	1	-89474.2
103	1	-85201.6
104	1	-11916.2
105	1	-30029.4
106	1	-73698.5
107	1	-58732
108	1	59275.5
109	1	19824.6
110	1	-10366.3
111	1	-40043.9
112	1	5322.35
113	1	-99791.5
114	1	31159.9
115	1	49526.2
116	1	-17358.7
117	1	97657.7
118	1	90689.9
119	1	53512.3
120	1	-15706.4
121	1	-39067.8
122	1	28349.5
123	1	-34689.9
124	1	-31176
125	1	-97210
126	1	-11992.7
127	1	-19594.9
128	1	76220
129	1	96437.9
130	1	20526.6
131	1	54216.7
132	1	31662.1
133	1	45139.1
134	1	11546.3
135	1	46631.2
136	1	13157.6
137	1	-95883
138	1	-41122
139	1	70657.8
140	1	21353.2
141	1	69386.4
142	1	-61280
143	1	-73749.8
144	1	-87961
145	1	-25193.4
146	1	-56954.9
147	1	71885.8
148	1	-84309.1
149	1	-88247.5
150	1	-71052.4
151	1	72724.1
152	1	-24078.9
153	1	-52179.7
154	1	69525.1
155	1	84057.2
156	1	-88031.4
157	1	38568.1
158	1	-22493.9
159	1	-29068.3
160	1	53304.3
161	1	18455
162	1	95014.4
163	1	-59338.2
164	1	92979.5
165	1	77688.3
166	1	-77581.9
167	1	21896
168	1	-5870.97
169	1	79096.2
170	1	22949
171	1	-39267.2
172	1	-3637.28
173	1	-97827.3
174	1	74086.5
175	1	-45576.9
176	1	-24868.7
177	1	83228
178	1	88356.8
179	1	80550.6
180	1	14788
181	1	-50541.8
182	1	47405.5
183	1	-46093.2
184	1	36491
185	1	77934.4
186	1	3313.75
187	1	19647.4
188	1	-13130.4
189	1	84247.9
190	1	49330.8
191	1	32797.3
192	1	56678.3
193	1	88950.2
194	1	14773.3
195	1	-77151.1
196	1	-22963.3
197	1	-62107.9
198	1	14925.1
199	1	32943.5
200	1	-75631.2
201	1	7834.02
202	1	27478.1
203	1	18863.9
204	1	76204.6
205	1	80641.2
206	1	-87558.1
207	1	96028.2
208	1	-53278.4
209	1	56870.6
210	1	19920.2
211	1	-59215.9
212	1	19909
213	1	27179.1
214	1	-31299.6
215	1	-27724.9
216	1	54827.5
217	1	-51226.7
218	1	-85530.4
219	1	85698.2
220	1	6945.83
221	1	-39951.2
222	1	-63071.1
223	1	-13806.4
224	1	82588.1
225	1	-49333.1
226	1	-30874.2
227	1	-23484.4
228	1	33542.4
229	1	-55647.7
230	1	84773.8
231	1	38517.8
232	1	-38874.8
233	1	-48643.1
234	1	42755.6
235	1	-28187.7
236	1	95325.6
237	1	-70788.4
238	1	-8750.11
239	1	-94784.3
240	1	-18614.8
241	1	-1783.84
242	1	75579.2
243	1	-17918.1
244	1	-60380.7
245	1	-19565.1
246	1	-59625.9
247	1	-80612.1
248	1	-69347.8
249	1	40822.1
250	1	68924.2
251	1	72922.4
252	1	92742.6
253	1	-59509.5
254	1	-31447.7
255	1	31927.5
256	1	-68006.8
257	1	67449.1
258	1	-64397.4
259	1	-5001.55
260	1	-25382.1
261	1	-54417.4
262	1	55729.2
263	1	-17847.1
264	1	52568.1
265	1	84171.9
266	1	42491.9
267	1	-87465.3
268	1	-13647.1
269	1	30546
270	1	3903.45
271	1	36915.8
272	1	-48335.6
273	1	36565.7
274	1	36188.3
275	1	-18087
276	1	-90093.3
277	1	76505.6
278	1	-86089.5
279	1	-86836.6
280	1	12143.3
281	1	-39950.5
282	1	-25756.5
283	1	-88523.5
284	1	-94589.2
285	1	49705.7
286	1	76726.6
287	1	-88532.8
288	1	40139.8
289	1	98140.8
290	1	-67297.5
291	1	-37403.1
292	1	-6701.48
293	1	-40930.4
294	1	-37039.8
295	1	-98988.5
296	1	-24373
297	1	-2731.08
298	1	60354.6
299	1	77333.3
300	1	92965.4
301	1	-16137.9
302	1	-47264.6
303	1	60903
304	1	35624.2
305	1	-74367.9
306	1	20184.9
307	1	-78276.3
308	1	63655.7
309	1	-2904.95
310	1	82519.7
311	1	-96153.9
312	1	90354.1
313	1	-83512.9
314	1	-46655.2
315	1	49637.3
316	1	-12266.4
317	1	-79392.8
318	1	-76438.7
319	1	-67729.8
320	1	-9065.23
321	1	-42427
322	1	33255.4
323	1	96001.4
324	1	-57213.1
325	1	-87803.9
326	1	80186.4
327	1	-54613
328	1	-36538.4
329	1	-1274.02
