360	1	360
1	1	71605.1
2	1	11788.7
3	1	85465.2
4	1	-3337.4
5	1	-71621.3
6	1	6100.78
7	1	-44223.1
8	1	-73113.6
9	1	-6986.8
10	1	-18882.8
11	1	-63985.5
12	1	-75567.1
13	1	-76056.1
14	1	85238.4
15	1	88198.7
16	1	96870.1
17	1	1275.77
18	1	-2601.42
19	1	-20614.6
20	1	11906.9
21	1	93649.1
22	1	44413.7
23	1	71975
24	1	-46559.6
25	1	-9585.52
26	1	-42964.8
27	1	65952
28	1	98471.5
29	1	-19783
30	1	70884.3
31	1	2437.18
32	1	-98553.2
33	1	-86190.4
34	1	-69894.7
35	1	65776.4
36	1	-40178
37	1	42799.9
38	1	75119.4
39	1	93328
40	1	-50981.5
41	1	15530.9
42	1	-96752.9
43	1	-91453.6
44	1	-14598.4
45	1	-78613.2
46	1	46703.1
47	1	-5078.04
48	1	31911
49	1	-86886.2
50	1	41557.9
51	1	3735.44
52	1	-17858.3
53	1	51838.2
54	1	77986.8
55	1	-33554.8
56	1	-58103.8
57	1	36617.9
58	1	-39009.9
59	1	58465.6
60	1	-95776.1
61	1	35410.9
62	1	77961.4
63	1	-85496.7
64	1	-6833.24
65	1	99066.4
66	1	-54392.1
67	1	-10898.9
68	1	55568.7
69	1	51783.9
70	1	-68398
71	1	74610.7
72	1	20528.4
73	1	-96529.3
74	1	24573.4
75	1	-4212.91
76	1	50229.5
77	1	-8218.92
78	1	15915.3
79	1	-42667.2
80	1	-44912.9
81	1	-86056.8
82	1	-50262.3
83	1	88635.7
84	1	75539.2
85	1	-8966.8
86	1	96472.3
87	1	87108.3
88	1	-21480.3
89	1	34159
90	1	-85434.4
91	1	74075.8
92	1	-48541.2
93	1	84885.2
94	1	-28216.2
95	1	59955.7
96	1	-4740.8
97	1	-88791.5
98	1	-36142.1
99	1	92200.4
100	1	77332.7
101	1	-31872.5
102	1	96560.3
103	1	63921.1
104	1	-95547.9
105	1	-94646.9
106	1	-87984.3
107	1	44213.6
108	1	27507.4
109	1	-69834.1
110	1	-99405.7
111	1	61329.1
112	1	-68787
113	1	-11311.6
114	1	-21903.9
115	1	-56095.4
116	1	-24010.3
117	1	-98417.2
118	1	53246.1
119	1	5049.17
120	1	83793.9
121	1	-23321.1
122	1	40868.4
123	1	25393.8
124	1	-98448.8
125	1	-96463
126	1	831.744
127	1	-37526.7
128	1	54742
129	1	63766.7
130	1	-64151.4
131	1	-19080.3
132	1	-19764.7
133	1	64229.9
134	1	-35699.1
135	1	96340.2
136	1	-11620.2
137	1	-94171.8
138	1	88454.5
139	1	-19834.7
140	1	-4235.78
141	1	-73718.9
142	1	19099.4
143	1	-76394.6
144	1	57575
145	1	-36518.9
146	1	-20491.7
147	1	20703.7
148	1	93412.8
149	1	95246.7
150	1	31980
151	1	16326.7
152	1	88556
153	1	-55149.5
154	1	-34969.2
155	1	11139.3
156	1	-29213.1
157	1	80982.7
158	1	27727.7
159	1	-13033.1
160	1	-77845
161	1	90045.3
162	1	56204.7
163	1	28525.7
164	1	18613.2
165	1	59291.4
166	1	55635.4
167	1	-71622.9
168	1	-76283
169	1	-36044.4
170	1	-82022.6
171	1	86907.2
172	1	83132.2
173	1	62675.7
174	1	-40712.6
175	1	-60732.1
176	1	70330.6
177	1	580.383
178	1	-94691.9
179	1	72950.4
180	1	-31524.3
181	1	80484.5
182	1	-59514.7
183	1	54769.1
184	1	24552.4
185	1	98473.5
186	1	-24398.9
187	1	-21986.7
188	1	45762.1
189	1	-67376.4
190	1	59946.6
191	1	22496.3
192	1	-14486.7
193	1	-25061.3
194	1	-45132.9
195	1	-5770.67
196	1	-72606.6
197	1	75529.1
198	1	-94004.5
199	1	60534
200	1	-8420.48
201	1	-23003
202	1	51967.9
203	1	-3115.95
204	1	-84375.2
205	1	40049.7
206	1	57677.6
207	1	-77651.9
208	1	-23072
209	1	18974.3
210	1	-23723.3
211	1	33123
212	1	53298.4
213	1	40206.9
214	1	-93918.7
215	1	22745.6
216	1	3973.76
217	1	-17426.6
218	1	-8963.18
219	1	11819.9
220	1	-48628.7
221	1	76264.3
222	1	14652
223	1	-3824.85
224	1	-64111.8
225	1	46126.5
226	1	-31109.4
227	1	-93689.1
228	1	75168.2
229	1	-68643.9
230	1	-97894.9
231	1	40984.8
232	1	-99841.6
233	1	92926.1
234	1	-24912.5
235	1	51411.1
236	1	-3431.64
237	1	76247.1
238	1	-47294.7
239	1	-86659.4
240	1	86647.2
241	1	31243.2
242	1	-29216.3
243	1	46579.1
244	1	-97247.9
245	1	99382.3
246	1	72212.7
247	1	77635.4
248	1	-54861.8
249	1	77949.8
250	1	-72321.1
251	1	-64628.5
252	1	74032
253	1	-56400.5
254	1	-33887.8
255	1	-55398
256	1	-6333.94
257	1	-48992
258	1	-21869.7
259	1	71165.2
260	1	-95899.9
261	1	-12711.7
262	1	74286.2
263	1	-9810.94
264	1	18663.7
265	1	-58344.8
266	1	19176.9
267	1	90138.4
268	1	41891.4
269	1	18394.4
270	1	-21722.6
271	1	-64705.4
272	1	-59280.4
273	1	-78409.4
274	1	75182.2
275	1	-65647.3
276	1	58566
277	1	-82823.5
278	1	-7957.81
279	1	19532.1
280	1	51972.7
281	1	-97772.8
282	1	-11301.4
283	1	29111.4
284	1	-13568.7
285	1	-90974.1
286	1	-45133.6
287	1	-45404
288	1	56400.4
289	1	-10971.8
290	1	-43285.6
291	1	-89465.3
292	1	-49549.6
293	1	79158.9
294	1	77375.7
295	1	76423.2
296	1	45801.5
297	1	84677.7
298	1	-37485.1
299	1	75385.1
300	1	65302.8
301	1	-72330.7
302	1	-74897.4
303	1	-31720.4
304	1	-50415.3
305	1	-83397.3
306	1	-33139.9
307	1	-46346.8
308	1	95925.8
309	1	58426.9
310	1	89288.2
311	1	54578.9
312	1	-82326.7
313	1	-29532.5
314	1	-40447.3
315	1	-23859.6
316	1	-85680.7
317	1	53575.2
318	1	17713.2
319	1	10780.3
320	1	-29539.7
321	1	-52800.3
322	1	66735.7
323	1	-318.718
324	1	-17255.6
325	1	-93808.7
326	1	81912.7
327	1	-17422
328	1	-36093.3
329	1	-2225.67
330	1	41458.8
331	1	-57967.4
332	1	44596.6
333	1	-42289.5
334	1	15556.8
335	1	11670.2
336	1	81649.1
337	1	-80188.2
338	1	1012.36
339	1	81946.3
340	1	13902.8
341	1	-85814.9
342	1	-44942.5
343	1	7222.29
344	1	-38261.8
345	1	-7982.06
346	1	83466.4
347	1	75313
348	1	-9465.89
349	1	-54723.2
350	1	-96625.1
351	1	-77086.3
352	1	83154.7
353	1	-85264.4
354	1	97821.9
355	1	-92764
356	1	52663.4
357	1	-21418.6
358	1	-41940.2
359	1	62875.2
360	1	-17816.3
