4225	1	4225
1	1	29506.6
2	1	-25626.1
3	1	89532
4	1	-17518.1
5	1	-29936.9
6	1	-93927.1
7	1	-74198.3
8	1	52653.6
9	1	-78264.5
10	1	-99944.8
11	1	21258.6
12	1	65049.5
13	1	-75791.3
14	1	-58002.5
15	1	41162
16	1	-1514.44
17	1	4620.85
18	1	39102.8
19	1	72178.3
20	1	-8235.68
21	1	-22102.9
22	1	88920.5
23	1	-6482.94
24	1	-76438.8
25	1	-22674.4
26	1	-36711.9
27	1	-25858.6
28	1	-59959.3
29	1	54329.7
30	1	86190.3
31	1	-19263.8
32	1	74345
33	1	-28269.2
34	1	60995.7
35	1	48940.8
36	1	-51051.4
37	1	-88794.3
38	1	-24015.6
39	1	-15321.7
40	1	20168.4
41	1	51818.1
42	1	-49324.9
43	1	-75341.1
44	1	-2377.28
45	1	-76599.2
46	1	-3639.5
47	1	50210.3
48	1	-38752.3
49	1	-18860.9
50	1	-48228.8
51	1	-72065
52	1	-35222.5
53	1	29066.6
54	1	-87758.6
55	1	-64087.4
56	1	62943.7
57	1	6085.83
58	1	-77361.7
59	1	-82965.1
60	1	-12032.1
61	1	95037.4
62	1	-35075.8
63	1	8318.41
64	1	-46479.3
65	1	-4539.09
66	1	59038.3
67	1	23863.8
68	1	-17646.9
69	1	-54245.8
70	1	-66639.5
71	1	-46024.8
72	1	-28285.9
73	1	-47560.7
74	1	42348.6
75	1	40329.3
76	1	20108.2
77	1	89380.7
78	1	28299
79	1	-12329.8
80	1	49196.1
81	1	26541.2
82	1	66555.8
83	1	50695
84	1	-69303.1
85	1	31440.7
86	1	-36398.7
87	1	-31925.8
88	1	-738.34
89	1	28746
90	1	4981.81
91	1	-93392.2
92	1	-41949.4
93	1	-34888.3
94	1	88798.4
95	1	-70553.8
96	1	66134.2
97	1	-24056.5
98	1	-67712.4
99	1	-62134.8
100	1	47678.2
101	1	-73774.8
102	1	37108.8
103	1	-51274.4
104	1	23874.3
105	1	-64983.1
106	1	29290.6
107	1	62924.8
108	1	-42692.8
109	1	-45273.5
110	1	-67656.2
111	1	19454.3
112	1	47598.6
113	1	-13650.8
114	1	-42703
115	1	-5485.05
116	1	62014.2
117	1	70883.2
118	1	79022.8
119	1	-36994.1
120	1	-94970.4
121	1	43507.6
122	1	58540.1
123	1	90383.1
124	1	-67035.2
125	1	-33464.7
126	1	45637.8
127	1	-51442.4
128	1	62767.5
129	1	65.282
130	1	38115.5
131	1	91010.7
132	1	-38798.1
133	1	62267.7
134	1	23427.8
135	1	44498.7
136	1	94261.6
137	1	-54553.4
138	1	-52005.1
139	1	-12015.5
140	1	84699
141	1	-15523
142	1	-79696.9
143	1	-37387.9
144	1	66718.1
145	1	70572.9
146	1	70889.7
147	1	-93316
148	1	93630.2
149	1	-82666.4
150	1	6448.87
151	1	-17313
152	1	-5681.06
153	1	-93791.4
154	1	-4517.16
155	1	-59224.7
156	1	64918.5
157	1	64910.8
158	1	55526.8
159	1	-43585
160	1	50460.1
161	1	18939
162	1	64178.7
163	1	74930.8
164	1	-61835.7
165	1	98015.3
166	1	81609.1
167	1	722.129
168	1	17174.7
169	1	-7888.64
170	1	21209.4
171	1	-34309.7
172	1	-1121.84
173	1	-22836.5
174	1	14495.1
175	1	86356.2
176	1	-79475
177	1	49939.6
178	1	-37094.6
179	1	-78204.8
180	1	-49095.4
181	1	-22189.5
182	1	-73248.8
183	1	-91480.9
184	1	76963
185	1	65228.8
186	1	83291.9
187	1	-33209
188	1	-2261.24
189	1	68408.8
190	1	-45982.7
191	1	-16945.3
192	1	-4249.79
193	1	8940.98
194	1	27960.5
195	1	-32945.6
196	1	-43678.3
197	1	-2968.72
198	1	67902.9
199	1	39173.9
200	1	33769.1
201	1	76836.4
202	1	36908.3
203	1	20177.6
204	1	-74572.1
205	1	95427.7
206	1	-12798.1
207	1	-20546.8
208	1	80022
209	1	19983
210	1	-36095.7
211	1	21534.4
212	1	45059.5
213	1	83601.6
214	1	12194.2
215	1	77542.5
216	1	-75139.8
217	1	-51747.9
218	1	-49525.9
219	1	51320.4
220	1	57327.9
221	1	-9056.91
222	1	93159
223	1	52522.2
224	1	-67468.4
225	1	-66244.6
226	1	12964.2
227	1	17140
228	1	-86268.5
229	1	69722.9
230	1	-20537.4
231	1	-2714.13
232	1	-81718.1
233	1	-57417.7
234	1	-11998.9
235	1	-79733.7
236	1	-97680.6
237	1	701.238
238	1	7838.91
239	1	-41464.3
240	1	52086.2
241	1	9041.84
242	1	72958.7
243	1	39025.3
244	1	-69783.4
245	1	93965
246	1	96257.9
247	1	87790.2
248	1	29652.7
249	1	14155.7
250	1	-7695
251	1	-8063.52
252	1	68781.2
253	1	87777.6
254	1	-36207.1
255	1	32427.6
256	1	93155
257	1	-55143.9
258	1	6487.17
259	1	60384.3
260	1	-6293.65
261	1	68323.8
262	1	-7327.58
263	1	-56350.8
264	1	-12328.6
265	1	-53624.2
266	1	-97757
267	1	50482.8
268	1	-21912.3
269	1	67979.6
270	1	63998.3
271	1	78144.1
272	1	-78959.8
273	1	25031.6
274	1	-90166.9
275	1	92097
276	1	15912.7
277	1	1854.56
278	1	94206.7
279	1	-7173.36
280	1	86585
281	1	6443.87
282	1	-71068.8
283	1	-4850.84
284	1	30865.3
285	1	-62881.2
286	1	-9643.61
287	1	9114.57
288	1	-83122.9
289	1	-93570.6
290	1	51655.2
291	1	-63612.1
292	1	14506.4
293	1	-45249
294	1	-60064.1
295	1	-35685
296	1	-87172.2
297	1	-29061.4
298	1	63719.9
299	1	-63461.3
300	1	43924.6
301	1	77393.8
302	1	45796.4
303	1	78387.9
304	1	-57337.9
305	1	-48337.4
306	1	3366.02
307	1	-44264.7
308	1	92015.7
309	1	41710
310	1	26406
311	1	-88897
312	1	-79935.6
313	1	-86593.8
314	1	77616.4
315	1	85044.8
316	1	-3566.97
317	1	60521.8
318	1	83519
319	1	-38739.2
320	1	-48111.3
321	1	95950.7
322	1	-99713.9
323	1	-31814.4
324	1	73977.4
325	1	36476
326	1	-57950.5
327	1	63329.7
328	1	-33655.3
329	1	-50822.3
330	1	-15559.1
331	1	72295.2
332	1	88943.9
333	1	29807.9
334	1	-65506.1
335	1	61426.6
336	1	-37369
337	1	24143.8
338	1	93036.9
339	1	48805.8
340	1	-59148.1
341	1	6310.15
342	1	80827.9
343	1	70284.4
344	1	-44891.8
345	1	-13820.2
346	1	-57476.5
347	1	-16572.7
348	1	-66626.3
349	1	-53816.1
350	1	5580.84
351	1	-72298.6
352	1	-89935.6
353	1	-71646
354	1	-6359.35
355	1	14269
356	1	55250.1
357	1	71507.5
358	1	92661.8
359	1	-65193.3
360	1	53131.9
361	1	-80965.3
362	1	47026.2
363	1	41716.3
364	1	42618
365	1	-63444.4
366	1	-61592.9
367	1	71396.1
368	1	72586.5
369	1	-1572.29
370	1	-64289.7
371	1	-53174.6
372	1	-44431.3
373	1	-6395.27
374	1	-74011.3
375	1	26989.2
376	1	80667.2
377	1	52385.2
378	1	63060.7
379	1	83614.8
380	1	71791.2
381	1	-21528.8
382	1	35399.3
383	1	85631.4
384	1	-95712.6
385	1	-36382.1
386	1	-99750.1
387	1	-20441.3
388	1	-72540
389	1	1226.89
390	1	66620.1
391	1	-38740.8
392	1	-13683
393	1	-81557.6
394	1	85494.7
395	1	-2461.59
396	1	35451.5
397	1	-339.465
398	1	-41904.5
399	1	74719.8
400	1	70851.8
401	1	-77008.8
402	1	-92704.8
403	1	-21842.8
404	1	27676.5
405	1	-27308.3
406	1	-81640.9
407	1	47981.3
408	1	70411.6
409	1	62169.1
410	1	-17405.9
411	1	81543.6
412	1	-84001.2
413	1	-27874.1
414	1	78052.6
415	1	-55753.9
416	1	28369.7
417	1	55568
418	1	82532
419	1	-31045.5
420	1	38122.5
421	1	-18151.7
422	1	-34839
423	1	-91098.2
424	1	88184.7
425	1	38679.9
426	1	30242.4
427	1	70156.9
428	1	-88719.4
429	1	-34877.8
430	1	75135
431	1	48750.8
432	1	76826.2
433	1	-19228
434	1	-7402.14
435	1	12764.1
436	1	79755.7
437	1	29328.4
438	1	-96770.8
439	1	-97379.1
440	1	85561.1
441	1	37394.2
442	1	-19484.6
443	1	31017.2
444	1	-51483
445	1	-37836.1
446	1	-44378.8
447	1	65919
448	1	-26592.1
449	1	45916.3
450	1	2782.06
451	1	-8100.21
452	1	-22056.4
453	1	-68218
454	1	-75058.3
455	1	96980.5
456	1	-21660.5
457	1	65091.6
458	1	-77522.9
459	1	34558.2
460	1	-33303.3
461	1	31145.1
462	1	-51676.7
463	1	-46355.2
464	1	-52772.6
465	1	81741.3
466	1	-57692.8
467	1	65861.8
468	1	-23900.5
469	1	-93802.8
470	1	-79322.3
471	1	49849
472	1	-63835.5
473	1	-1107.48
474	1	-42726.3
475	1	22050.6
476	1	-36106.5
477	1	66364.7
478	1	74635.2
479	1	-74013.8
480	1	-44925.8
481	1	-44965.8
482	1	-64830
483	1	-84483
484	1	-89258.6
485	1	73661.6
486	1	-42785.2
487	1	-59905.8
488	1	-79703.3
489	1	63849.1
490	1	41970.8
491	1	-53897.9
492	1	92226.2
493	1	-90213.6
494	1	-59686.1
495	1	-7165.39
496	1	56167.5
497	1	-35000.6
498	1	7468.36
499	1	19808.5
500	1	-74981.7
501	1	-52450.5
502	1	23173.2
503	1	-81484.8
504	1	-30356.3
505	1	25818.1
506	1	-78792.4
507	1	52712
508	1	-65828.9
509	1	-44336.4
510	1	84776.4
511	1	-25897.7
512	1	13687.8
513	1	-82489.4
514	1	-7133.77
515	1	-6834.86
516	1	-37476.4
517	1	-42673.5
518	1	-92340.4
519	1	96827.8
520	1	3379.69
521	1	-21920.3
522	1	89696.2
523	1	-13253.8
524	1	37467.6
525	1	-4237.12
526	1	87274.2
527	1	-80214.6
528	1	-87195.1
529	1	-83003.7
530	1	67852.1
531	1	-42654.1
532	1	83698.7
533	1	34888.4
534	1	-20829.3
535	1	46032.8
536	1	8191.35
537	1	-79376.3
538	1	-28148.6
539	1	-30965
540	1	-69216.5
541	1	-19979.4
542	1	67026.8
543	1	-72054.2
544	1	-63437.7
545	1	48367.3
546	1	35972.1
547	1	-65692.2
548	1	-81996.7
549	1	20074.5
550	1	28454
551	1	89818.4
552	1	-55120.8
553	1	-74169.5
554	1	-48450
555	1	-59981.5
556	1	36228.7
557	1	-44962.8
558	1	8973.02
559	1	-50456.1
560	1	-89471.3
561	1	68443
562	1	79184.2
563	1	-78724.3
564	1	15576.9
565	1	-90357
566	1	11524.4
567	1	97640.9
568	1	4458.91
569	1	45643.2
570	1	-82316.7
571	1	-96182.5
572	1	-58938.9
573	1	40859.5
574	1	-35744.9
575	1	86048.2
576	1	-20178.7
577	1	-9679.51
578	1	-63011.9
579	1	20362.1
580	1	51523.1
581	1	60283.7
582	1	21218.1
583	1	-60866.2
584	1	56229.8
585	1	109.975
586	1	-56840.5
587	1	87652.5
588	1	88708.1
589	1	-69576
590	1	64257.4
591	1	-67363.3
592	1	-56412.8
593	1	2169.81
594	1	-33520.3
595	1	-55454.5
596	1	-78906.9
597	1	-61041.5
598	1	40355.4
599	1	-38348.5
600	1	10678.5
601	1	-48354.6
602	1	21925.3
603	1	65809.2
604	1	-98964.9
605	1	-70923.3
606	1	82398.3
607	1	-66238.2
608	1	69882
609	1	58663
610	1	-5447.56
611	1	-54846.1
612	1	-44267.1
613	1	-52173.7
614	1	-68290.1
615	1	30777.8
616	1	-55153.6
617	1	87891.6
618	1	-82004.4
619	1	-66924.4
620	1	39558.5
621	1	-43923.3
622	1	66370.8
623	1	-51042.2
624	1	23177.8
625	1	-50305.9
626	1	-4424.17
627	1	-43342.6
628	1	-87945.1
629	1	-5277.61
630	1	-90105.5
631	1	13423.2
632	1	-29657.5
633	1	-55079.7
634	1	-38273.5
635	1	-54179.3
636	1	-73792.1
637	1	-3610.78
638	1	7955.41
639	1	-5396.86
640	1	87268.5
641	1	-72480
642	1	-30330.5
643	1	52678.4
644	1	71398.9
645	1	20977.1
646	1	30869.5
647	1	95768
648	1	-94220.7
649	1	78232.4
650	1	-72019.4
651	1	-69852.5
652	1	29214.4
653	1	-45593.2
654	1	58159
655	1	34153.4
656	1	63664.2
657	1	64478
658	1	-23198.6
659	1	73035.6
660	1	-98110.3
661	1	-10453.5
662	1	-28931
663	1	70914.4
664	1	-81099.4
665	1	89576.9
666	1	55244.9
667	1	66311.1
668	1	-9725.71
669	1	59982.6
670	1	-82522.3
671	1	90763.5
672	1	-29859.1
673	1	15679
674	1	31948.6
675	1	7786.48
676	1	65741
677	1	-49674
678	1	-33314.2
679	1	73707.8
680	1	-25833.2
681	1	87685.1
682	1	-86337.5
683	1	-87649.9
684	1	55572.9
685	1	65910.1
686	1	4494.62
687	1	-42944.8
688	1	17020.5
689	1	-46366.1
690	1	69041.1
691	1	64224.3
692	1	22445.7
693	1	-8893.81
694	1	-58859.8
695	1	43837.9
696	1	-76194.6
697	1	54744.7
698	1	97650.9
699	1	6686.47
700	1	36562.3
701	1	62192.6
702	1	54461.6
703	1	81672.8
704	1	24495.5
705	1	88473.9
706	1	61387.6
707	1	53854.4
708	1	-788.158
709	1	16403.3
710	1	76464.1
711	1	36728.4
712	1	41904.7
713	1	-24101.8
714	1	45425.1
715	1	-34733.6
716	1	67335.3
717	1	55371.8
718	1	-57679.9
719	1	-64692.7
720	1	-32214.4
721	1	97022.5
722	1	59533.5
723	1	23347
724	1	-24969.7
725	1	5957.91
726	1	41793.1
727	1	14075.8
728	1	-78872.2
729	1	72925.1
730	1	83722.8
731	1	85949.3
732	1	19778.4
733	1	-92307.1
734	1	87684.2
735	1	-77624.5
736	1	-10436.1
737	1	73438.4
738	1	82839
739	1	-29514.1
740	1	-22722.3
741	1	50977.7
742	1	4618.94
743	1	-17507.7
744	1	56537.2
745	1	-46786.2
746	1	-24518
747	1	58975.6
748	1	-86924.8
749	1	-66489.9
750	1	-97263.8
751	1	25299.6
752	1	-19706.7
753	1	-99441.3
754	1	-28697.5
755	1	-17592.6
756	1	10238.1
757	1	-57165.1
758	1	-78517.3
759	1	10036.5
760	1	85699.3
761	1	-48815.8
762	1	7477.09
763	1	17246.3
764	1	-2265.3
765	1	65555
766	1	-63091.5
767	1	-3346.93
768	1	42116.2
769	1	24965.4
770	1	-86283.9
771	1	-3829.12
772	1	87686.2
773	1	-176.949
774	1	97121.2
775	1	-52706.4
776	1	-35739.8
777	1	-27018.3
778	1	-16434.5
779	1	18691.6
780	1	-48741.8
781	1	23192.4
782	1	45641.1
783	1	-36898.1
784	1	37423.2
785	1	-99990.5
786	1	-5946.42
787	1	31560.2
788	1	4115.83
789	1	67409
790	1	-17291.5
791	1	-42350.4
792	1	19550.3
793	1	63825.4
794	1	57607.7
795	1	64962.7
796	1	-2275.43
797	1	-23500.2
798	1	76424.9
799	1	38009.3
800	1	-86451.9
801	1	-68435.4
802	1	-87403.9
803	1	-32870.4
804	1	-90273.5
805	1	-97204.1
806	1	-16445.4
807	1	86326.5
808	1	68971.7
809	1	86108.3
810	1	-11153.2
811	1	78449.1
812	1	-51483.7
813	1	4357.23
814	1	-79916.8
815	1	26037.7
816	1	39160
817	1	-63501.1
818	1	58500.1
819	1	37483.8
820	1	8824.87
821	1	56973
822	1	-87839.1
823	1	94239.2
824	1	-22054.7
825	1	46588.8
826	1	93312.8
827	1	-60148.7
828	1	60313.7
829	1	85969.9
830	1	-30304.1
831	1	-34649.5
832	1	-32939.7
833	1	-26685.7
834	1	-71376.8
835	1	23245.1
836	1	-9598.85
837	1	81278.7
838	1	-99966.2
839	1	34011.5
840	1	67947
841	1	-69899.4
842	1	47224.8
843	1	18452
844	1	-75174
845	1	-60097.7
846	1	-66913.1
847	1	-51246.8
848	1	61236.7
849	1	-64045.3
850	1	-78179.1
851	1	-63962.1
852	1	46737.7
853	1	-95556.3
854	1	3537.83
855	1	34672.6
856	1	-45509.5
857	1	-96969.1
858	1	37390.1
859	1	39726.6
860	1	-92882.7
861	1	9671.71
862	1	65480.6
863	1	88576
864	1	-95056.3
865	1	-92165.2
866	1	-91191.2
867	1	90687.5
868	1	-90629.7
869	1	90475.9
870	1	35858.1
871	1	-17998.4
872	1	56505.7
873	1	73171.7
874	1	57567.1
875	1	-59661.4
876	1	-27823.4
877	1	12788.6
878	1	99965.4
879	1	87671.8
880	1	-89210.9
881	1	-74487.9
882	1	20771.6
883	1	40530.6
884	1	-47226.8
885	1	-59713
886	1	-75374.7
887	1	-60667.4
888	1	-10035.9
889	1	-16733.3
890	1	-41286.9
891	1	-76455.6
892	1	62628.7
893	1	-83429.2
894	1	-20249.1
895	1	-48007.7
896	1	-87011.6
897	1	31687
898	1	92054.4
899	1	2239.07
900	1	-55250.5
901	1	-7388.42
902	1	-2139.71
903	1	-655.061
904	1	-86772.6
905	1	88099
906	1	-10159.1
907	1	-71940.5
908	1	-81885.8
909	1	-42406.9
910	1	26546.9
911	1	58097
912	1	-67648.4
913	1	-59732.1
914	1	31338.4
915	1	-14573.5
916	1	-73597.8
917	1	-87034.9
918	1	98153.4
919	1	76954
920	1	-43131.9
921	1	14587.1
922	1	-35396.1
923	1	-40107.5
924	1	-41334.3
925	1	95150.6
926	1	82670.4
927	1	-29813.8
928	1	-12501.4
929	1	43356.5
930	1	-31255.2
931	1	-41177.3
932	1	-17895.6
933	1	-1624.18
934	1	77664.8
935	1	-67500
936	1	-37018.8
937	1	-35807.4
938	1	-99076.3
939	1	-47006.5
940	1	-34937.2
941	1	6495.27
942	1	10244.5
943	1	-79356.9
944	1	-95348
945	1	-1902.4
946	1	-24756.2
947	1	-6638.71
948	1	-25151.3
949	1	56350
950	1	-28667.4
951	1	-80496
952	1	50174.1
953	1	97352.1
954	1	-13127
955	1	-77459.8
956	1	50680.8
957	1	-26669.8
958	1	61181.3
959	1	-85130.1
960	1	-10822.8
961	1	77958.4
962	1	36791.4
963	1	14935.5
964	1	85294.2
965	1	70267.7
966	1	69598.8
967	1	-56990.1
968	1	-6231.42
969	1	-36835.8
970	1	7424.87
971	1	88141.3
972	1	16939.3
973	1	3501.51
974	1	72662
975	1	-32448.3
976	1	58099.7
977	1	10942.7
978	1	-42303.4
979	1	41438.5
980	1	51948.8
981	1	-14193.3
982	1	-83995.3
983	1	2850.54
984	1	92642
985	1	-96203.9
986	1	33329.1
987	1	-89323.5
988	1	-17284.5
989	1	34283.1
990	1	49754.2
991	1	15531.7
992	1	-87680.3
993	1	-24813.6
994	1	-23188.3
995	1	-1610.45
996	1	78764.3
997	1	-76630.6
998	1	-66068.9
999	1	-52941.4
1000	1	95539
1001	1	-109.129
1002	1	-54618.8
1003	1	7708.99
1004	1	-42521.2
1005	1	-3216.75
1006	1	-13832.6
1007	1	36948
1008	1	89041.1
1009	1	-9199.84
1010	1	58705.2
1011	1	-90759.6
1012	1	-31917
1013	1	968.058
1014	1	-91068.9
1015	1	-84213
1016	1	38286
1017	1	-65511.5
1018	1	-81072.3
1019	1	-42897.6
1020	1	18500.8
1021	1	-66153.8
1022	1	31433.4
1023	1	-27159.8
1024	1	31621.9
1025	1	-13250.3
1026	1	78012.6
1027	1	74022.1
1028	1	-41193.9
1029	1	-97972.4
1030	1	88070.4
1031	1	-38885.9
1032	1	3183.23
1033	1	69770.1
1034	1	92555.3
1035	1	-90027.8
1036	1	64943.7
1037	1	40640.2
1038	1	23940.3
1039	1	22092.9
1040	1	46985.3
1041	1	21809.1
1042	1	8726.31
1043	1	98811.8
1044	1	-60564.6
1045	1	59395.8
1046	1	2775.13
1047	1	57689.2
1048	1	61208.5
1049	1	-29642
1050	1	96882.3
1051	1	-99.8573
1052	1	34983.5
1053	1	-24394.5
1054	1	58798.6
1055	1	-83596.4
1056	1	821.356
1057	1	41203.5
1058	1	-10407.1
1059	1	-124.498
1060	1	-63259.2
1061	1	-4036.18
1062	1	64922.5
1063	1	-11503
1064	1	61402.4
1065	1	-95239
1066	1	-60154.9
1067	1	-25495
1068	1	-79039
1069	1	-43279.1
1070	1	68442.6
1071	1	-25761.7
1072	1	-73005.5
1073	1	-5765.59
1074	1	-78646.1
1075	1	37464.8
1076	1	-83859.9
1077	1	14425.9
1078	1	-91901.2
1079	1	26812
1080	1	78004.2
1081	1	80001.7
1082	1	-73004.2
1083	1	24826.1
1084	1	90891.2
1085	1	68791.3
1086	1	40027.5
1087	1	-37408.7
1088	1	49377.3
1089	1	7019.3
1090	1	-7574.57
1091	1	48530.4
1092	1	575.634
1093	1	-90906.1
1094	1	-10719.6
1095	1	73253.8
1096	1	38658.2
1097	1	50544.4
1098	1	19389.2
1099	1	-97333.8
1100	1	-22495.9
1101	1	-20531.5
1102	1	-41791.5
1103	1	-97313.3
1104	1	542.267
1105	1	-85165.5
1106	1	-16792.1
1107	1	31121.3
1108	1	17189.4
1109	1	-87296.9
1110	1	24819.1
1111	1	49677.4
1112	1	-20256.9
1113	1	44982.2
1114	1	-45477.5
1115	1	-31035.3
1116	1	-25434.4
1117	1	16745.4
1118	1	-60111.7
1119	1	5598.43
1120	1	-55168.1
1121	1	-43761.6
1122	1	-20195.9
1123	1	-60947.8
1124	1	-9863.24
1125	1	-31450.6
1126	1	-33893.7
1127	1	-7642.08
1128	1	86838.7
1129	1	77592.8
1130	1	51848.5
1131	1	-32356.9
1132	1	94429.7
1133	1	63781.3
1134	1	-52558.5
1135	1	684.995
1136	1	53623.8
1137	1	98803.3
1138	1	58888.8
1139	1	7446.26
1140	1	91341.3
1141	1	88227.6
1142	1	86765.8
1143	1	82483.1
1144	1	-71252.1
1145	1	-72813.9
1146	1	-70051.6
1147	1	-310.581
1148	1	9375.28
1149	1	-95600.4
1150	1	73272.6
1151	1	58773.1
1152	1	-57821.4
1153	1	-41445.5
1154	1	16219
1155	1	94756
1156	1	-90855.2
1157	1	81431.4
1158	1	85033.2
1159	1	73194.4
1160	1	-20434.6
1161	1	-43096.6
1162	1	67331.9
1163	1	-12840.1
1164	1	-86663.1
1165	1	22155.4
1166	1	-51564.8
1167	1	55854.2
1168	1	30831.9
1169	1	-12029.2
1170	1	41418.6
1171	1	-6579.09
1172	1	-95086.3
1173	1	97801
1174	1	-4676.95
1175	1	16337.2
1176	1	93495.6
1177	1	8149.6
1178	1	70633.4
1179	1	-41126.3
1180	1	99982.1
1181	1	-79614.6
1182	1	-62256
1183	1	49628.6
1184	1	69681.6
1185	1	16626.2
1186	1	-27647.1
1187	1	87364.7
1188	1	-44022.6
1189	1	-47825
1190	1	-6421.49
1191	1	-99516.2
1192	1	11849
1193	1	95009.7
1194	1	-4339.54
1195	1	96840.5
1196	1	-83390.5
1197	1	44941.8
1198	1	24015.2
1199	1	-44768.4
1200	1	-18906
1201	1	31312.6
1202	1	41768.5
1203	1	49775.5
1204	1	-16010.7
1205	1	-71260.7
1206	1	-97863.1
1207	1	53190.9
1208	1	-56058.3
1209	1	-57710.4
1210	1	4487.53
1211	1	-60839.9
1212	1	-82123.4
1213	1	-42452
1214	1	72424.7
1215	1	-20286
1216	1	26557.1
1217	1	7432.78
1218	1	-18627.5
1219	1	-7230.35
1220	1	59036.1
1221	1	-93498.1
1222	1	99120.1
1223	1	-55160.4
1224	1	-1515.34
1225	1	-67841.4
1226	1	-50004.7
1227	1	-91376.1
1228	1	-38645
1229	1	61072.3
1230	1	8121.71
1231	1	-23993.2
1232	1	67630.3
1233	1	31321.7
1234	1	44003.1
1235	1	79873.3
1236	1	78649.4
1237	1	-35927.6
1238	1	-4873.59
1239	1	-59789.5
1240	1	-95087.2
1241	1	1460.77
1242	1	66619.5
1243	1	-39213.8
1244	1	92359.6
1245	1	-18207.3
1246	1	55046.9
1247	1	54305.6
1248	1	98563.2
1249	1	38256.6
1250	1	-21753.9
1251	1	-88621.7
1252	1	-10019.7
1253	1	-71917.4
1254	1	-25687.4
1255	1	-72956.6
1256	1	-8469.25
1257	1	30943
1258	1	-82848.8
1259	1	34459.6
1260	1	-88405.4
1261	1	70216.5
1262	1	-79601.9
1263	1	170.77
1264	1	89530.3
1265	1	-94183.7
1266	1	-13629.9
1267	1	-733.155
1268	1	8998.85
1269	1	-33886.9
1270	1	-91202.3
1271	1	-23075
1272	1	-97619.9
1273	1	11063.9
1274	1	26144.2
1275	1	-33813.3
1276	1	-11960.1
1277	1	-81286.2
1278	1	24637.8
1279	1	13165.6
1280	1	-57382.4
1281	1	41999.3
1282	1	-20043.1
1283	1	-67286.3
1284	1	56593.3
1285	1	30501
1286	1	-66544.2
1287	1	71713.4
1288	1	-61257.1
1289	1	-27007.3
1290	1	-82793.2
1291	1	-58714
1292	1	-38757.2
1293	1	38892.6
1294	1	16270.2
1295	1	81081.8
1296	1	12487.5
1297	1	79135.5
1298	1	-48364.9
1299	1	-86678.9
1300	1	21631.5
1301	1	67681.3
1302	1	-33396
1303	1	99785.7
1304	1	-33945.3
1305	1	-50423.4
1306	1	-87690.5
1307	1	-80910.6
1308	1	14279.5
1309	1	-41143.1
1310	1	34994.8
1311	1	50170.3
1312	1	99030.9
1313	1	-89341.2
1314	1	59083.6
1315	1	42396.6
1316	1	8146.36
1317	1	88739.6
1318	1	21513.2
1319	1	68428.4
1320	1	-77243.1
1321	1	45625.5
1322	1	-59601.1
1323	1	-26298.8
1324	1	-544.217
1325	1	-57668.1
1326	1	-3291.42
1327	1	44576.1
1328	1	95202.1
1329	1	-70065.5
1330	1	57645.2
1331	1	69136
1332	1	30455.9
1333	1	-57380.6
1334	1	-28137.7
1335	1	-82659.9
1336	1	39508.9
1337	1	20081.7
1338	1	-91161.3
1339	1	7939.78
1340	1	605.418
1341	1	86827.2
1342	1	86782.7
1343	1	-44881.4
1344	1	85265.3
1345	1	-10416.3
1346	1	1295.9
1347	1	44218.7
1348	1	43158.8
1349	1	40384.5
1350	1	67050.6
1351	1	-87476.2
1352	1	-86272.4
1353	1	-15766.1
1354	1	75336.7
1355	1	-31543.8
1356	1	-2428.97
1357	1	-78549.2
1358	1	-43443.4
1359	1	-17174.6
1360	1	19040
1361	1	-26229.8
1362	1	-65471
1363	1	-24136.1
1364	1	29146.4
1365	1	-36350.2
1366	1	-90746.7
1367	1	12803.2
1368	1	44133.8
1369	1	-84053.5
1370	1	20114.9
1371	1	-99121.4
1372	1	-46210.9
1373	1	-65600.1
1374	1	75957.6
1375	1	82112.5
1376	1	81178.3
1377	1	54876.5
1378	1	31381.1
1379	1	-80435.7
1380	1	36764.8
1381	1	36009.2
1382	1	26353.7
1383	1	93316.1
1384	1	6989.94
1385	1	-37533.7
1386	1	62640.8
1387	1	26279.1
1388	1	55981.7
1389	1	-35764.3
1390	1	-71215.3
1391	1	20212.4
1392	1	-32572.9
1393	1	45597.8
1394	1	-28442.3
1395	1	-62527.2
1396	1	95109.4
1397	1	44543
1398	1	-94919.8
1399	1	77150.1
1400	1	-76551.2
1401	1	-66526.5
1402	1	-5767.61
1403	1	-7769.64
1404	1	54854.3
1405	1	-17316.7
1406	1	87106.2
1407	1	-30248.7
1408	1	71478
1409	1	-29212.9
1410	1	-15456.7
1411	1	89774
1412	1	99114.6
1413	1	44266.7
1414	1	62904.2
1415	1	-64567.3
1416	1	70289.9
1417	1	3819.33
1418	1	36730.8
1419	1	59240.1
1420	1	-99847.2
1421	1	-33615.6
1422	1	78708.6
1423	1	-14844
1424	1	50992.7
1425	1	-18297.2
1426	1	-24652.6
1427	1	94416.3
1428	1	89384.8
1429	1	5125.71
1430	1	23962.9
1431	1	12428.6
1432	1	73656.9
1433	1	43841.3
1434	1	21739
1435	1	-99925.2
1436	1	-71749.7
1437	1	-11667.4
1438	1	-71787.6
1439	1	2118.86
1440	1	62515.9
1441	1	-56308.3
1442	1	-58731.4
1443	1	11535.3
1444	1	70416.5
1445	1	-93220.8
1446	1	79416.3
1447	1	99438.6
1448	1	29677.7
1449	1	51905.5
1450	1	67206.2
1451	1	57431.8
1452	1	69093.9
1453	1	40923.3
1454	1	98665.4
1455	1	-92366.2
1456	1	-96719.2
1457	1	-12177.7
1458	1	-82893.9
1459	1	-57310.4
1460	1	61466.4
1461	1	95895.7
1462	1	-53459.1
1463	1	634.109
1464	1	44074.1
1465	1	42430.5
1466	1	11164.7
1467	1	-2832.73
1468	1	45658.2
1469	1	-48749
1470	1	71069.1
1471	1	4647.16
1472	1	-7137.11
1473	1	65621.5
1474	1	-88046.7
1475	1	45877.7
1476	1	-42761.7
1477	1	-42801.4
1478	1	81209.5
1479	1	59470.3
1480	1	-64742
1481	1	50967.3
1482	1	-51982.7
1483	1	-36866.8
1484	1	-51142.6
1485	1	-84376
1486	1	83406.6
1487	1	60934.7
1488	1	-5240.68
1489	1	87714.4
1490	1	62744.3
1491	1	31548.3
1492	1	-80781
1493	1	98299.5
1494	1	-46453.2
1495	1	-43961.9
1496	1	-34823.4
1497	1	-36348
1498	1	-19780
1499	1	51887
1500	1	27228.9
1501	1	-92312.9
1502	1	63889.1
1503	1	25964.4
1504	1	-80217
1505	1	-49356.3
1506	1	77075.6
1507	1	-51189.9
1508	1	55032.4
1509	1	-22274.9
1510	1	61141
1511	1	32659.4
1512	1	68521.3
1513	1	-16231.8
1514	1	-38159.9
1515	1	51070.1
1516	1	-72579.7
1517	1	-27538
1518	1	83217.8
1519	1	47994.9
1520	1	-55945.8
1521	1	40257.5
1522	1	41144.2
1523	1	85005.2
1524	1	34302.2
1525	1	-21286.6
1526	1	-92052.2
1527	1	33065.6
1528	1	56951.3
1529	1	38829.5
1530	1	23665.7
1531	1	3857.12
1532	1	37905.4
1533	1	40247.9
1534	1	68021.2
1535	1	-7463.31
1536	1	74557
1537	1	70682.3
1538	1	1603.82
1539	1	75048.9
1540	1	-60475.4
1541	1	81313.7
1542	1	43045.3
1543	1	-88456
1544	1	90710.4
1545	1	44768.3
1546	1	-59401.7
1547	1	-6143.93
1548	1	-61869
1549	1	-59847.5
1550	1	36675.2
1551	1	80188.4
1552	1	-83021.2
1553	1	1832.08
1554	1	93537.3
1555	1	68785.7
1556	1	-87911.4
1557	1	-65367
1558	1	-20037.6
1559	1	-39255.2
1560	1	36007.9
1561	1	64783.6
1562	1	-87034.8
1563	1	18151.6
1564	1	11419.1
1565	1	12483.9
1566	1	19468.2
1567	1	92973.6
1568	1	22827.9
1569	1	31481.5
1570	1	68748.7
1571	1	41979.5
1572	1	-23826.2
1573	1	94138.7
1574	1	-16334.4
1575	1	-91092.2
1576	1	97326.8
1577	1	-38998.2
1578	1	-71577.2
1579	1	84204.5
1580	1	80021.6
1581	1	43659.3
1582	1	7043.08
1583	1	83547.4
1584	1	-14034.6
1585	1	-53224.2
1586	1	-40189.6
1587	1	-19046.4
1588	1	-16778.4
1589	1	44890.8
1590	1	-23813.8
1591	1	-10356.4
1592	1	83050.4
1593	1	-99468.6
1594	1	-82915.1
1595	1	-57781.1
1596	1	67514.2
1597	1	-97550.4
1598	1	-8841.94
1599	1	22798
1600	1	47659.3
1601	1	-64627.8
1602	1	-99750.5
1603	1	34920.1
1604	1	-39012.5
1605	1	-97493.7
1606	1	85669.6
1607	1	-75106.3
1608	1	-85026.4
1609	1	53922.9
1610	1	36762.5
1611	1	26342.1
1612	1	-51946.9
1613	1	51148.2
1614	1	-21051.3
1615	1	49192.9
1616	1	63508.7
1617	1	-13405.7
1618	1	-75355.3
1619	1	-72584.9
1620	1	15850.7
1621	1	-67629.2
1622	1	44060.4
1623	1	47870.5
1624	1	-80515.5
1625	1	43029.1
1626	1	-80408.4
1627	1	67634.8
1628	1	31273.2
1629	1	-98367.9
1630	1	31231.9
1631	1	-13021.9
1632	1	96728.7
1633	1	-43198.5
1634	1	29075.3
1635	1	47259.5
1636	1	-21349.4
1637	1	-52286.1
1638	1	68938
1639	1	-576.17
1640	1	54728.3
1641	1	-64404.1
1642	1	54816.7
1643	1	92390.9
1644	1	-53784.3
1645	1	-6626.19
1646	1	-56177.1
1647	1	-45113.1
1648	1	-67322.6
1649	1	97220.3
1650	1	-41802.8
1651	1	-70476.7
1652	1	61490.8
1653	1	20949.7
1654	1	48120.3
1655	1	51272.6
1656	1	26276.1
1657	1	46437
1658	1	13957.9
1659	1	27119.8
1660	1	68703.8
1661	1	-22809.9
1662	1	45038.6
1663	1	-24063.5
1664	1	92644.2
1665	1	-34189.7
1666	1	54221.4
1667	1	-95452.9
1668	1	-60418.8
1669	1	-23865.4
1670	1	-48346.4
1671	1	50583.5
1672	1	-73353.4
1673	1	-76834.4
1674	1	17723.6
1675	1	57088.9
1676	1	-5305.56
1677	1	-61881
1678	1	-5227.18
1679	1	73784.7
1680	1	13645.8
1681	1	83854.9
1682	1	13790.6
1683	1	50819.5
1684	1	76152.7
1685	1	79414.5
1686	1	85578
1687	1	-65994.5
1688	1	16505.8
1689	1	93034.8
1690	1	-60210.1
1691	1	-99719.2
1692	1	24766.2
1693	1	-8225.75
1694	1	-8571.57
1695	1	-76247.4
1696	1	16517.2
1697	1	-71776.6
1698	1	33652.1
1699	1	-95901.8
1700	1	98078.7
1701	1	-90895.6
1702	1	-65421.5
1703	1	-54335.6
1704	1	-61647.3
1705	1	48008.4
1706	1	68380.1
1707	1	-56416.9
1708	1	-47955.8
1709	1	20625.6
1710	1	63027.5
1711	1	-26104.6
1712	1	50641.5
1713	1	7599.94
1714	1	29392.4
1715	1	-41271.5
1716	1	38868.5
1717	1	89720.7
1718	1	-39502.4
1719	1	70644.2
1720	1	-77355.2
1721	1	-86476.5
1722	1	-42733.3
1723	1	-98576
1724	1	-6173.73
1725	1	-71535.4
1726	1	92499.8
1727	1	46725.7
1728	1	48225.3
1729	1	-39834
1730	1	-23495
1731	1	-9046.93
1732	1	21684.5
1733	1	33952.1
1734	1	-49754.9
1735	1	-27780.9
1736	1	-89095.4
1737	1	39638.9
1738	1	-73962.5
1739	1	40679.8
1740	1	-52872.9
1741	1	-52658.6
1742	1	-2018.81
1743	1	-12640.7
1744	1	66461.1
1745	1	40562
1746	1	-47744.9
1747	1	30100.2
1748	1	-15723.9
1749	1	-2561.78
1750	1	-12699.7
1751	1	20195.4
1752	1	78010.9
1753	1	-99646.4
1754	1	-85532.5
1755	1	1025.09
1756	1	-70814.8
1757	1	-64777.9
1758	1	-18375.4
1759	1	11789.7
1760	1	-59673.7
1761	1	-60779.2
1762	1	95264.1
1763	1	-88785.9
1764	1	18945.8
1765	1	-15421.6
1766	1	67172.7
1767	1	-39687.4
1768	1	-74736.9
1769	1	59832.7
1770	1	-85226.6
1771	1	-31383.4
1772	1	22674.4
1773	1	97013.8
1774	1	72589
1775	1	8214.73
1776	1	-73420.2
1777	1	-24684.5
1778	1	96025.7
1779	1	58411.9
1780	1	15143.2
1781	1	-26083
1782	1	36470.4
1783	1	-24843.3
1784	1	62897.3
1785	1	-82440.8
1786	1	-98796.8
1787	1	54825
1788	1	72849.3
1789	1	80224.7
1790	1	4643.64
1791	1	-57954.5
1792	1	-6224.55
1793	1	42309.1
1794	1	52119.3
1795	1	-90447.6
1796	1	-83078.3
1797	1	-513.282
1798	1	34881.4
1799	1	7640.2
1800	1	65727.6
1801	1	-28519.2
1802	1	5859.14
1803	1	93451.4
1804	1	-25498.5
1805	1	-31642.4
1806	1	-30568.6
1807	1	70282.8
1808	1	68279.7
1809	1	-1061.2
1810	1	70822.2
1811	1	87312.1
1812	1	-36604.3
1813	1	75338.1
1814	1	43608.9
1815	1	18242.1
1816	1	-58614.9
1817	1	-3281.25
1818	1	9848.97
1819	1	-63823.9
1820	1	-38535.2
1821	1	40126.1
1822	1	17134.6
1823	1	3013.04
1824	1	5844.93
1825	1	84712.8
1826	1	28337.2
1827	1	-54809.9
1828	1	-83068.3
1829	1	-14449.3
1830	1	5192.8
1831	1	-61528.3
1832	1	27952.2
1833	1	-37323.9
1834	1	17077.8
1835	1	-99690.8
1836	1	-99994
1837	1	53280.6
1838	1	87529.7
1839	1	-89499.8
1840	1	30348.5
1841	1	-88142.6
1842	1	-93411.5
1843	1	50686.6
1844	1	-18831.6
1845	1	49082.5
1846	1	74901.3
1847	1	-97897.1
1848	1	71265.7
1849	1	-68001.7
1850	1	80716.2
1851	1	-88405.1
1852	1	-99436.7
1853	1	-26999.9
1854	1	52546
1855	1	-40401
1856	1	33656.4
1857	1	74411.9
1858	1	62563.3
1859	1	48730
1860	1	-79632.9
1861	1	84047.9
1862	1	-81262.4
1863	1	3365.15
1864	1	29899.1
1865	1	-99392.3
1866	1	-53898.2
1867	1	54189.4
1868	1	33712
1869	1	-45601.4
1870	1	-74607.2
1871	1	-4614.56
1872	1	64737.1
1873	1	-28415.2
1874	1	99796.1
1875	1	16983
1876	1	32922.6
1877	1	77157.1
1878	1	-16973.2
1879	1	20730.1
1880	1	-53017
1881	1	-59437.2
1882	1	90907.4
1883	1	-80014.4
1884	1	61692.9
1885	1	-80069.5
1886	1	29649.5
1887	1	1868.85
1888	1	14284.9
1889	1	-1387.12
1890	1	-49116.1
1891	1	58997.9
1892	1	25266.3
1893	1	-94606.2
1894	1	-83006.6
1895	1	37098.5
1896	1	22200.1
1897	1	-20497
1898	1	-89435.8
1899	1	12475
1900	1	29081.8
1901	1	51219.1
1902	1	70003
1903	1	-52922
1904	1	-78668.8
1905	1	41631.2
1906	1	-44474.4
1907	1	-8009.12
1908	1	-31050.9
1909	1	11454.6
1910	1	-51465.3
1911	1	16138
1912	1	24094.8
1913	1	35647.3
1914	1	-73982.1
1915	1	18564.3
1916	1	-36888.3
1917	1	2477.87
1918	1	53138.6
1919	1	25145.1
1920	1	-40057.8
1921	1	-11985.2
1922	1	48763.1
1923	1	-57289.7
1924	1	1967.42
1925	1	11815.6
1926	1	-85134.4
1927	1	32135.3
1928	1	-22446.6
1929	1	21024.6
1930	1	-79051.3
1931	1	43770.6
1932	1	8939.67
1933	1	-33693.7
1934	1	68504.6
1935	1	-86228.1
1936	1	78496.2
1937	1	42682.7
1938	1	19368
1939	1	-63747.9
1940	1	73862
1941	1	52810.8
1942	1	-39525.7
1943	1	23324.8
1944	1	90861.8
1945	1	-4538.77
1946	1	-81372.9
1947	1	97868.2
1948	1	98291.5
1949	1	-44218.8
1950	1	-74487.2
1951	1	-28110.8
1952	1	43237.8
1953	1	40070.2
1954	1	90891.6
1955	1	-66948.2
1956	1	-89885.1
1957	1	-11702.5
1958	1	-35900.9
1959	1	63998.3
1960	1	76796.6
1961	1	74343.2
1962	1	-73894.4
1963	1	-42587
1964	1	12101.2
1965	1	-56441.6
1966	1	83916.7
1967	1	-63857.5
1968	1	67240.6
1969	1	-35589.8
1970	1	-75553.3
1971	1	-90942.7
1972	1	42921.3
1973	1	42110.8
1974	1	89758.8
1975	1	57129.1
1976	1	71237.3
1977	1	72183.6
1978	1	76675.6
1979	1	33450.3
1980	1	-87026.3
1981	1	-65381.3
1982	1	-6686.94
1983	1	-87863.9
1984	1	9764.18
1985	1	-26229.6
1986	1	16198.7
1987	1	6323.42
1988	1	-2688.69
1989	1	-87768.1
1990	1	73490.6
1991	1	-83258
1992	1	-66011.4
1993	1	7331.64
1994	1	-12264.1
1995	1	-55447
1996	1	-38950.7
1997	1	-19243.6
1998	1	-11410
1999	1	-13299.4
2000	1	-91597.3
2001	1	7966.45
2002	1	-93871.3
2003	1	37044
2004	1	11623.7
2005	1	12632.2
2006	1	-94792.6
2007	1	-63132.4
2008	1	74951.9
2009	1	23259.6
2010	1	47836.1
2011	1	75224.8
2012	1	22304.1
2013	1	39535.5
2014	1	39097.7
2015	1	70467.9
2016	1	-79952.9
2017	1	-16849.8
2018	1	60608.1
2019	1	35314.2
2020	1	-44173.1
2021	1	-95318.4
2022	1	99268.1
2023	1	-52185.9
2024	1	80428.9
2025	1	-4823.46
2026	1	81923.6
2027	1	4341.97
2028	1	43257.4
2029	1	26786.6
2030	1	-41752.9
2031	1	11898.1
2032	1	36629.4
2033	1	-66481.4
2034	1	-90581.1
2035	1	9810.91
2036	1	-69005
2037	1	-42830.4
2038	1	42888.3
2039	1	86189
2040	1	44512.4
2041	1	35932.8
2042	1	2693.01
2043	1	6738.55
2044	1	44157
2045	1	14906
2046	1	59731.2
2047	1	83220
2048	1	38014.5
2049	1	94286.8
2050	1	-5419.3
2051	1	-15854.2
2052	1	30757.7
2053	1	20474.3
2054	1	-40352.2
2055	1	97849
2056	1	8364.5
2057	1	-16746.7
2058	1	-84674.8
2059	1	50768.8
2060	1	59140.8
2061	1	-17293
2062	1	-8493.85
2063	1	65766.1
2064	1	27074.9
2065	1	53675.9
2066	1	57880.8
2067	1	56651
2068	1	-92564.1
2069	1	-73406
2070	1	-25158.5
2071	1	78986.3
2072	1	53810.2
2073	1	65161.7
2074	1	-99031.5
2075	1	-75689.8
2076	1	73939.6
2077	1	31806
2078	1	24172.8
2079	1	50762.3
2080	1	17739.9
2081	1	-7388.27
2082	1	-93998.8
2083	1	18295.9
2084	1	51127.8
2085	1	-35326.6
2086	1	64987.7
2087	1	-40134
2088	1	35655.3
2089	1	7140.59
2090	1	-22211.8
2091	1	-58507.5
2092	1	-79899.6
2093	1	53210.9
2094	1	-8636.89
2095	1	-80099.3
2096	1	73892.6
2097	1	3028.95
2098	1	-7828.83
2099	1	-4345.81
2100	1	-77711.3
2101	1	69342
2102	1	70911.2
2103	1	93928.8
2104	1	-27551.6
2105	1	-66804
2106	1	-94750
2107	1	-7119.16
2108	1	66161.1
2109	1	-99769
2110	1	85505
2111	1	-2245.33
2112	1	-50423.7
2113	1	-59867.6
2114	1	-78995.5
2115	1	48899.2
2116	1	-19243.6
2117	1	95409.1
2118	1	35579.9
2119	1	72379.8
2120	1	-52370.5
2121	1	71039.7
2122	1	-97923.6
2123	1	-10508.8
2124	1	-22628.1
2125	1	-4378.59
2126	1	-59882.6
2127	1	21619.1
2128	1	-82306.1
2129	1	-36166
2130	1	46178.9
2131	1	-81053.7
2132	1	-6669.79
2133	1	59992.1
2134	1	-46931.1
2135	1	-6456.17
2136	1	98303.1
2137	1	84825.7
2138	1	-95305.6
2139	1	-10382.4
2140	1	34904.1
2141	1	36950.1
2142	1	-35355.3
2143	1	86147.3
2144	1	-16584.5
2145	1	-73261.9
2146	1	-23369.5
2147	1	29642.7
2148	1	46306.7
2149	1	-74914.9
2150	1	-69676.5
2151	1	-13491.2
2152	1	12983.1
2153	1	-79431.2
2154	1	66077.7
2155	1	-7058.84
2156	1	-24315.8
2157	1	-19420.2
2158	1	-76215
2159	1	-37102.8
2160	1	14252.7
2161	1	98693.4
2162	1	-5735.77
2163	1	-82978
2164	1	-9977.83
2165	1	-22927.6
2166	1	-13065.9
2167	1	7488.34
2168	1	9642.4
2169	1	19194.8
2170	1	-39139.7
2171	1	21322.3
2172	1	39330.2
2173	1	53528
2174	1	51186.9
2175	1	49755.8
2176	1	57778.6
2177	1	39709.8
2178	1	29680.9
2179	1	2509.4
2180	1	94372.4
2181	1	53839.4
2182	1	66779.3
2183	1	94757.8
2184	1	59956.5
2185	1	20953.8
2186	1	70014.4
2187	1	-5775.36
2188	1	50070.3
2189	1	-49487.1
2190	1	-82731.6
2191	1	91134.7
2192	1	47685.6
2193	1	66967.8
2194	1	-52934.9
2195	1	-12696.3
2196	1	-18819.3
2197	1	-4535.38
2198	1	-41157.3
2199	1	3350.08
2200	1	86183.3
2201	1	54378.9
2202	1	38741
2203	1	-38519.7
2204	1	-48802.3
2205	1	67430.2
2206	1	-8038.43
2207	1	-46173
2208	1	68260
2209	1	19090.7
2210	1	-39490.7
2211	1	-41593.7
2212	1	-35533.8
2213	1	-318.422
2214	1	-13253.3
2215	1	69685.5
2216	1	-50837.9
2217	1	75977.5
2218	1	77236.2
2219	1	15695.4
2220	1	-76818.9
2221	1	97704.6
2222	1	49846.1
2223	1	-22943.7
2224	1	-24867.5
2225	1	-86193.3
2226	1	5358.98
2227	1	-36074.7
2228	1	-72046.6
2229	1	-36693.6
2230	1	15321.4
2231	1	-11357
2232	1	39093.3
2233	1	-57558.7
2234	1	70942.9
2235	1	89.4965
2236	1	86159.3
2237	1	27607.1
2238	1	50091.1
2239	1	59594.6
2240	1	9827.4
2241	1	17390.9
2242	1	-39412.3
2243	1	-32921.1
2244	1	-34860.7
2245	1	11960.2
2246	1	-35980.4
2247	1	-10662.7
2248	1	81907.1
2249	1	-27043.6
2250	1	-8586.7
2251	1	25797.9
2252	1	-89589.2
2253	1	-67741
2254	1	70631.5
2255	1	-30415.8
2256	1	98811.3
2257	1	13622.2
2258	1	18132.5
2259	1	-73436.8
2260	1	73691.8
2261	1	39137.5
2262	1	-95894.7
2263	1	48210.3
2264	1	94311
2265	1	-87995.2
2266	1	83405.9
2267	1	56260.9
2268	1	51642.2
2269	1	45403.6
2270	1	60360.4
2271	1	32518.7
2272	1	-73886.5
2273	1	2345.36
2274	1	-52266.5
2275	1	-64069.8
2276	1	-66670.8
2277	1	77512.7
2278	1	-50047.4
2279	1	-86587.6
2280	1	66007.6
2281	1	-18299.6
2282	1	96114.3
2283	1	-89079.7
2284	1	51524.6
2285	1	-89186.3
2286	1	-49693.4
2287	1	28875.4
2288	1	52389.6
2289	1	-99175.8
2290	1	-2931.57
2291	1	70649.8
2292	1	-19598.2
2293	1	-99578.4
2294	1	44568.2
2295	1	-68816.3
2296	1	-87503.7
2297	1	74427
2298	1	-11652.2
2299	1	64019.9
2300	1	76851.3
2301	1	93179.8
2302	1	-67605.8
2303	1	88179.1
2304	1	78097
2305	1	-80571
2306	1	82452.2
2307	1	-67194.2
2308	1	-70360.1
2309	1	76528.4
2310	1	-52208.8
2311	1	-45740.4
2312	1	-60463.3
2313	1	67735
2314	1	-35967.5
2315	1	89823
2316	1	-12700.5
2317	1	90358
2318	1	59703.1
2319	1	-64764.5
2320	1	-96444.1
2321	1	7675.38
2322	1	-31439.9
2323	1	-43058.1
2324	1	-14781.2
2325	1	68930.2
2326	1	-48886
2327	1	-13688
2328	1	-76381.6
2329	1	76427.3
2330	1	-47682.1
2331	1	66345.6
2332	1	-74704.9
2333	1	86467.8
2334	1	-302.268
2335	1	-18826
2336	1	-90671.8
2337	1	-56131.6
2338	1	-1324.19
2339	1	11737.8
2340	1	77585.6
2341	1	-44275.9
2342	1	-49594.1
2343	1	1125.03
2344	1	-21568
2345	1	36172.6
2346	1	92921.7
2347	1	-55252.5
2348	1	-24499.2
2349	1	-5929.62
2350	1	89147.1
2351	1	88564.7
2352	1	14344.2
2353	1	-7515.54
2354	1	69680.5
2355	1	-41432.4
2356	1	1885.44
2357	1	-17505.4
2358	1	8638.94
2359	1	85477.4
2360	1	10630.7
2361	1	-14802.3
2362	1	-45302
2363	1	8905.34
2364	1	-2233.17
2365	1	-38951.3
2366	1	86981.6
2367	1	-92535.7
2368	1	-80503.4
2369	1	30551.1
2370	1	-62288.4
2371	1	1856.31
2372	1	92034.6
2373	1	86886.6
2374	1	-54079.8
2375	1	-80006.9
2376	1	-81488.4
2377	1	91485.7
2378	1	-83881.2
2379	1	82191.2
2380	1	-10079.7
2381	1	-46355.1
2382	1	-56683.1
2383	1	-5555.78
2384	1	-76947.1
2385	1	29152.4
2386	1	84759.5
2387	1	11726.6
2388	1	8723.99
2389	1	-97761.8
2390	1	8471.27
2391	1	22655.3
2392	1	73502.7
2393	1	79649.9
2394	1	-52576.4
2395	1	65157
2396	1	91754
2397	1	83714.2
2398	1	63626.3
2399	1	-38788.8
2400	1	-13352.9
2401	1	-67830.5
2402	1	65193.7
2403	1	76576.6
2404	1	-78307.6
2405	1	-54337.9
2406	1	-17099.2
2407	1	39507.6
2408	1	34739
2409	1	69748.3
2410	1	42942.5
2411	1	20212.6
2412	1	26353.5
2413	1	39677.2
2414	1	-75749.9
2415	1	36673.6
2416	1	-34891
2417	1	-6578.4
2418	1	74366.1
2419	1	-39027
2420	1	6156.86
2421	1	5361.96
2422	1	12107.6
2423	1	7221.88
2424	1	35544.9
2425	1	49293.8
2426	1	59507
2427	1	-91320.7
2428	1	4172.96
2429	1	-14632.7
2430	1	-4980.77
2431	1	-47144
2432	1	-82160.3
2433	1	-54191
2434	1	63526.1
2435	1	-18772
2436	1	-30186.4
2437	1	-39527
2438	1	-18260.2
2439	1	28189.8
2440	1	-35668.9
2441	1	-53098.1
2442	1	34771.7
2443	1	-93061.8
2444	1	90700.8
2445	1	27696.2
2446	1	48860.7
2447	1	-58525.8
2448	1	-9544.63
2449	1	-93173.6
2450	1	42253.2
2451	1	86085.5
2452	1	-19277.5
2453	1	-71042.3
2454	1	2838.65
2455	1	-74640.8
2456	1	10922.5
2457	1	-88864.9
2458	1	-22796.1
2459	1	70465.8
2460	1	98665.9
2461	1	-70111
2462	1	-99422.3
2463	1	70198.2
2464	1	-96008.4
2465	1	16009.5
2466	1	61365.1
2467	1	6740.54
2468	1	75564.7
2469	1	-8427.05
2470	1	96611.8
2471	1	-55782.8
2472	1	2782
2473	1	-8844.16
2474	1	86557.7
2475	1	-70467
2476	1	56469.1
2477	1	19201.8
2478	1	-84753.6
2479	1	-63635.1
2480	1	47596
2481	1	26253.5
2482	1	55252.1
2483	1	19980.7
2484	1	31547.2
2485	1	-10972.1
2486	1	-30095.9
2487	1	-43952.4
2488	1	-35393.5
2489	1	-5248.8
2490	1	-8848.78
2491	1	-87688.1
2492	1	81914.7
2493	1	-4931.09
2494	1	37161.1
2495	1	47996.4
2496	1	-96930.2
2497	1	78818.8
2498	1	66533.7
2499	1	-16287.6
2500	1	66966.7
2501	1	26450
2502	1	54713.2
2503	1	-98899.5
2504	1	-75685.3
2505	1	-3304.05
2506	1	-99115.9
2507	1	47896
2508	1	-67324.3
2509	1	-62606
2510	1	-11789.6
2511	1	-92567.5
2512	1	21227.7
2513	1	36909
2514	1	55940.9
2515	1	-32041.9
2516	1	97916
2517	1	64666.2
2518	1	27765.4
2519	1	39985.7
2520	1	-47606.9
2521	1	-67930.5
2522	1	-61301.8
2523	1	-98092.6
2524	1	64127.9
2525	1	5559.41
2526	1	-60530.7
2527	1	-78598.2
2528	1	62231.3
2529	1	-14676.2
2530	1	-87929.3
2531	1	-12029.6
2532	1	-67581
2533	1	22024.2
2534	1	72253.5
2535	1	-87027.3
2536	1	70572.6
2537	1	48526.4
2538	1	3469.89
2539	1	-91991.4
2540	1	23953
2541	1	-77614.2
2542	1	91507.5
2543	1	92003.2
2544	1	68883.8
2545	1	63694.1
2546	1	26167.8
2547	1	92019.4
2548	1	-12204.6
2549	1	78326.8
2550	1	65723.7
2551	1	75483.7
2552	1	51565.7
2553	1	-9561.75
2554	1	27123.4
2555	1	-94499.3
2556	1	-23679.1
2557	1	-9419.59
2558	1	5311.72
2559	1	-60170
2560	1	-23413.4
2561	1	-12064.8
2562	1	62770.1
2563	1	-60527.3
2564	1	81686.7
2565	1	-15135.7
2566	1	-3100.61
2567	1	-47596.5
2568	1	89173.2
2569	1	25415.8
2570	1	45177.5
2571	1	-35398
2572	1	-77990.8
2573	1	84958.6
2574	1	33811.7
2575	1	42959.9
2576	1	-63974
2577	1	45886.6
2578	1	39490.2
2579	1	-27691
2580	1	-59907.1
2581	1	-61671.9
2582	1	84078.1
2583	1	-39019.8
2584	1	18166.3
2585	1	11693.1
2586	1	5931.99
2587	1	85051.4
2588	1	-56313.9
2589	1	83119.1
2590	1	87371.2
2591	1	-78605
2592	1	98341.9
2593	1	46253.8
2594	1	-3000.56
2595	1	-4553.05
2596	1	93480.1
2597	1	-22758.4
2598	1	-91253.5
2599	1	-42603.7
2600	1	48612.6
2601	1	-6432
2602	1	-58696.7
2603	1	-81019.3
2604	1	94499.3
2605	1	-99641.7
2606	1	74469.9
2607	1	42439.6
2608	1	-85110.7
2609	1	62679.7
2610	1	86666.1
2611	1	64979.2
2612	1	67967.3
2613	1	-68801.7
2614	1	-19838.2
2615	1	-91823.8
2616	1	15896.8
2617	1	-53778.1
2618	1	-72562.3
2619	1	-10038.1
2620	1	-28145
2621	1	93960.6
2622	1	78697.8
2623	1	6295.1
2624	1	10289.9
2625	1	-379.046
2626	1	20320.3
2627	1	9701.1
2628	1	-92867.3
2629	1	26744.2
2630	1	-76523.6
2631	1	-67465.9
2632	1	-35916.1
2633	1	40302.6
2634	1	20867.3
2635	1	63088.9
2636	1	-14162.1
2637	1	-79789.7
2638	1	57804.7
2639	1	-54741.1
2640	1	-50446.6
2641	1	-45234.8
2642	1	78370.6
2643	1	-2309.2
2644	1	-87249.9
2645	1	-5641.92
2646	1	-96185.9
2647	1	81295
2648	1	94322.8
2649	1	-10748.6
2650	1	-79929.4
2651	1	-78469
2652	1	-84091.5
2653	1	-74806.7
2654	1	-3848.31
2655	1	72946.2
2656	1	70462.6
2657	1	-26563.3
2658	1	86027.9
2659	1	68681
2660	1	-44865.4
2661	1	90542.2
2662	1	-66157.3
2663	1	28085.7
2664	1	59043
2665	1	65713.2
2666	1	-16071.3
2667	1	29594.3
2668	1	-39741.1
2669	1	89711.9
2670	1	-97924.3
2671	1	-74700
2672	1	-32319.9
2673	1	-60820.8
2674	1	-74380.1
2675	1	43857.7
2676	1	-94788.4
2677	1	47562.4
2678	1	49418.7
2679	1	-91264.9
2680	1	-12193
2681	1	86199.4
2682	1	-15604.5
2683	1	-40144.9
2684	1	91016.5
2685	1	911.412
2686	1	41432.8
2687	1	3336.02
2688	1	-15956.5
2689	1	31673.3
2690	1	8378.77
2691	1	15389.2
2692	1	-80706.9
2693	1	-11445.4
2694	1	-8860.02
2695	1	-9684.98
2696	1	69147.3
2697	1	-54171.7
2698	1	2150.91
2699	1	-87400.8
2700	1	-2113.69
2701	1	-5921.94
2702	1	-64065.6
2703	1	-2440.16
2704	1	32267.8
2705	1	46245.7
2706	1	-82721.6
2707	1	20227.9
2708	1	-57367.2
2709	1	98645.4
2710	1	88884.4
2711	1	19582.6
2712	1	67367.3
2713	1	-87326.9
2714	1	68562
2715	1	-7351.9
2716	1	-72391.1
2717	1	-49258.7
2718	1	-52408.7
2719	1	-38021.2
2720	1	-33275.7
2721	1	72394.9
2722	1	15966.8
2723	1	-72631.5
2724	1	52474
2725	1	86973.5
2726	1	-14569.2
2727	1	50362.1
2728	1	33590
2729	1	4216.63
2730	1	48852
2731	1	-70952.9
2732	1	-88652.2
2733	1	90211.5
2734	1	-86192.6
2735	1	40809.8
2736	1	28218.2
2737	1	16718
2738	1	-10051.2
2739	1	8548.06
2740	1	30032.1
2741	1	25304.3
2742	1	25538.7
2743	1	-45943.1
2744	1	7867.38
2745	1	-80496.7
2746	1	-1647.38
2747	1	-35641.4
2748	1	-7682.36
2749	1	-22308.8
2750	1	-47011.8
2751	1	-93539
2752	1	36564.9
2753	1	-20734.3
2754	1	-49614.8
2755	1	-47911
2756	1	-54801.6
2757	1	-58371.5
2758	1	35020.8
2759	1	-31140.3
2760	1	-4177.14
2761	1	2176.59
2762	1	67607
2763	1	-59882.1
2764	1	66594.9
2765	1	44052.2
2766	1	-21964.9
2767	1	47452
2768	1	55575.4
2769	1	18708.6
2770	1	23927.1
2771	1	-47633.9
2772	1	-2516.92
2773	1	70793.6
2774	1	59406.5
2775	1	-33104.1
2776	1	-8783.49
2777	1	-29129.1
2778	1	-61477.2
2779	1	-53794.4
2780	1	-19455.8
2781	1	-78005.7
2782	1	-24783.7
2783	1	42727.4
2784	1	29204.7
2785	1	22307
2786	1	-19853.4
2787	1	96019.3
2788	1	-63046.9
2789	1	-1958.42
2790	1	-5604.73
2791	1	18716.2
2792	1	-86765.2
2793	1	12862.1
2794	1	-30561.1
2795	1	-84197.5
2796	1	35802
2797	1	-19291.1
2798	1	-72937.8
2799	1	41767.1
2800	1	-53496.3
2801	1	-15563.3
2802	1	34013.8
2803	1	43730.4
2804	1	75330.7
2805	1	-99002.3
2806	1	-15148.4
2807	1	-41278.1
2808	1	-62617.6
2809	1	29725.3
2810	1	-94821.5
2811	1	82030.4
2812	1	19889.4
2813	1	-35479
2814	1	-13345.8
2815	1	-51812.8
2816	1	53765.4
2817	1	-8333.68
2818	1	16425.1
2819	1	-34539.3
2820	1	-52234.8
2821	1	6235.06
2822	1	19059.2
2823	1	-77323
2824	1	33234.9
2825	1	92078.4
2826	1	-79305.6
2827	1	-3954.58
2828	1	39387.3
2829	1	35232
2830	1	-52042.7
2831	1	9535.67
2832	1	81106.1
2833	1	-38488.1
2834	1	-69472
2835	1	-20898.2
2836	1	73925.1
2837	1	-71083.2
2838	1	-51858.6
2839	1	-32711.8
2840	1	-48870.5
2841	1	-21565.3
2842	1	-30798.8
2843	1	-98574.1
2844	1	43403.6
2845	1	27761.6
2846	1	44842.7
2847	1	-90098.2
2848	1	77513.2
2849	1	-3869.42
2850	1	94928
2851	1	-51075.8
2852	1	54354.5
2853	1	-81660.7
2854	1	-29706.5
2855	1	33691
2856	1	-23310.9
2857	1	95249.9
2858	1	-45429.6
2859	1	-17864.8
2860	1	-1672.27
2861	1	-91314.1
2862	1	4427.96
2863	1	-51780.5
2864	1	67423.6
2865	1	-91253.2
2866	1	45245.3
2867	1	-78283.1
2868	1	-28108.8
2869	1	-35078.9
2870	1	-54723.6
2871	1	-3558.58
2872	1	-6395.01
2873	1	-23579.6
2874	1	-58783.6
2875	1	74175.4
2876	1	95297.7
2877	1	27083.4
2878	1	-21110.1
2879	1	30481.9
2880	1	96882.9
2881	1	-38596.5
2882	1	24461
2883	1	-3627.68
2884	1	-43161.1
2885	1	-49406
2886	1	11845.5
2887	1	53614
2888	1	-94616
2889	1	5538.21
2890	1	41582.9
2891	1	7769.63
2892	1	620.544
2893	1	-98759.6
2894	1	67064.7
2895	1	-72023.8
2896	1	-7646.16
2897	1	-93144.3
2898	1	-43019.2
2899	1	26819.2
2900	1	40199.8
2901	1	88847.3
2902	1	46410.6
2903	1	57666.7
2904	1	38017.9
2905	1	-10831.8
2906	1	68747
2907	1	29036
2908	1	-54789.2
2909	1	-68238.1
2910	1	-6204.85
2911	1	17228.6
2912	1	-40278.9
2913	1	-26649.9
2914	1	82714.6
2915	1	72492.1
2916	1	-38453.8
2917	1	-62353.1
2918	1	29117.6
2919	1	57504
2920	1	-1260.02
2921	1	-61949
2922	1	29868.2
2923	1	13911
2924	1	99701.6
2925	1	-74065.4
2926	1	-30225.6
2927	1	-79438.4
2928	1	26352.5
2929	1	49347.7
2930	1	43496
2931	1	-67795.6
2932	1	-35871
2933	1	-36996.3
2934	1	16176.3
2935	1	37375.2
2936	1	-19446.5
2937	1	23008.6
2938	1	68781.6
2939	1	48232.3
2940	1	-28727.3
2941	1	6097.24
2942	1	92329.4
2943	1	7047.05
2944	1	-13917.3
2945	1	19185.8
2946	1	23877.4
2947	1	-2311.77
2948	1	-96898.7
2949	1	-57106.1
2950	1	34416.6
2951	1	-77291.9
2952	1	-5068.38
2953	1	12395.4
2954	1	-13070.6
2955	1	-98247.6
2956	1	-11664
2957	1	24571.8
2958	1	49338.6
2959	1	-96877
2960	1	-66705.6
2961	1	-5818.85
2962	1	10060.7
2963	1	87643.8
2964	1	-16216.9
2965	1	25011
2966	1	-40078.2
2967	1	69601.7
2968	1	58313.7
2969	1	81502.3
2970	1	49884.7
2971	1	48473.6
2972	1	-41651.5
2973	1	-79820.7
2974	1	33598.7
2975	1	17791.5
2976	1	90241.4
2977	1	10748.6
2978	1	87444.8
2979	1	-58818.8
2980	1	67400.4
2981	1	88173.1
2982	1	-8636.54
2983	1	88523
2984	1	-48156.2
2985	1	-34850.5
2986	1	39314.3
2987	1	92603.6
2988	1	47356.1
2989	1	57161.2
2990	1	2881.21
2991	1	-30067
2992	1	-81164.4
2993	1	-97989.3
2994	1	9080.45
2995	1	-2720.49
2996	1	22244.7
2997	1	-92803.4
2998	1	57084.8
2999	1	29850.9
3000	1	21496.8
3001	1	22004.8
3002	1	44848.7
3003	1	33890.6
3004	1	-15183.2
3005	1	-4086.82
3006	1	-13091.9
3007	1	-45710.9
3008	1	95473.6
3009	1	-85275.9
3010	1	-7913.91
3011	1	76674.7
3012	1	41782.8
3013	1	-30720.8
3014	1	48382.7
3015	1	41103.2
3016	1	67243.4
3017	1	-29383.9
3018	1	63539.8
3019	1	-14872.7
3020	1	51671.3
3021	1	-43128.7
3022	1	81108
3023	1	-23547.3
3024	1	68850.7
3025	1	-109.522
3026	1	50220.7
3027	1	4384.12
3028	1	90809
3029	1	-87699.5
3030	1	-25114
3031	1	-75963.4
3032	1	-78236.9
3033	1	-53768
3034	1	34394.8
3035	1	-73461.6
3036	1	63751
3037	1	-22849.6
3038	1	99227.4
3039	1	-91411
3040	1	5672.36
3041	1	68411.4
3042	1	-69953.9
3043	1	-81297.9
3044	1	52923.9
3045	1	71475.5
3046	1	-98999.5
3047	1	2949.41
3048	1	84845
3049	1	90793.9
3050	1	-69927.2
3051	1	-29951.3
3052	1	-99304.2
3053	1	47975
3054	1	61521.6
3055	1	-32102.1
3056	1	35754.2
3057	1	3123.26
3058	1	95626.5
3059	1	-53603
3060	1	-11406.4
3061	1	63298.8
3062	1	-76824.3
3063	1	-11576.3
3064	1	99427.6
3065	1	48055.7
3066	1	26414.7
3067	1	46643.3
3068	1	99265
3069	1	33122.1
3070	1	61512.6
3071	1	84385.2
3072	1	-38971.3
3073	1	-72513.1
3074	1	-62102
3075	1	-83585.5
3076	1	-31514.7
3077	1	-16488.2
3078	1	-83602.1
3079	1	-60783.6
3080	1	-91983.2
3081	1	-90510.4
3082	1	30298.4
3083	1	-20748.6
3084	1	-53519.2
3085	1	92847.1
3086	1	-9476.32
3087	1	45684.2
3088	1	-88874.6
3089	1	-55189.2
3090	1	66247
3091	1	60577.4
3092	1	-53980.4
3093	1	87516.9
3094	1	-74412.5
3095	1	-19481.3
3096	1	22421.2
3097	1	-89995.5
3098	1	52807.7
3099	1	-17445.6
3100	1	-52728
3101	1	79210
3102	1	-92959.1
3103	1	-97777.2
3104	1	47285.5
3105	1	57948.6
3106	1	82111.8
3107	1	8101.17
3108	1	38650.4
3109	1	-62421.9
3110	1	18090.3
3111	1	49752
3112	1	3905.48
3113	1	17695.4
3114	1	-15257.3
3115	1	61174.1
3116	1	73514.7
3117	1	-76475.8
3118	1	7051.14
3119	1	-72066.4
3120	1	41330.6
3121	1	-81782.9
3122	1	17269.8
3123	1	76808.7
3124	1	40174.5
3125	1	-98068.8
3126	1	-30166.6
3127	1	75381
3128	1	-90166.7
3129	1	90881.4
3130	1	-94654.2
3131	1	-95553.9
3132	1	-50282.7
3133	1	21552.1
3134	1	52391.5
3135	1	91132.4
3136	1	-74504.8
3137	1	-59302.3
3138	1	55473.9
3139	1	-81354.8
3140	1	45731.6
3141	1	-3958.7
3142	1	98034.8
3143	1	-58737.6
3144	1	36280.4
3145	1	-42655.1
3146	1	83651.7
3147	1	-45836.8
3148	1	26921.8
3149	1	-73888.8
3150	1	46540.6
3151	1	-70856.4
3152	1	55979.2
3153	1	91402.1
3154	1	-65680.4
3155	1	41611.2
3156	1	-78571.4
3157	1	-4217.93
3158	1	-87809.9
3159	1	65404.4
3160	1	46427.6
3161	1	-84593.3
3162	1	85819.3
3163	1	66467.1
3164	1	-59432.2
3165	1	-10139.6
3166	1	-40111.5
3167	1	-36095.5
3168	1	18180.8
3169	1	7847.32
3170	1	6181.75
3171	1	-97738.8
3172	1	-66335.5
3173	1	57282
3174	1	-67995.5
3175	1	99046.2
3176	1	-43946.7
3177	1	-99308.5
3178	1	21093.7
3179	1	-28754.3
3180	1	-8733.31
3181	1	44965
3182	1	-81427.3
3183	1	15354.2
3184	1	34028.1
3185	1	32647.8
3186	1	-54518.6
3187	1	89317.3
3188	1	-36588.2
3189	1	-52668.2
3190	1	55403.7
3191	1	84583.8
3192	1	4288.01
3193	1	2045.62
3194	1	-22344.5
3195	1	-51836.9
3196	1	-89406.5
3197	1	-35188.7
3198	1	-26273.4
3199	1	134.504
3200	1	94557.8
3201	1	85694.9
3202	1	-56635.1
3203	1	-58433.8
3204	1	20877.2
3205	1	-61118.3
3206	1	-98565.1
3207	1	17235.7
3208	1	-23737.5
3209	1	1452.55
3210	1	-65993.4
3211	1	20571.9
3212	1	-81481.4
3213	1	-79304.6
3214	1	-97743.1
3215	1	33888.5
3216	1	-49697.3
3217	1	-36606.1
3218	1	-15178.2
3219	1	-46099.6
3220	1	66925.7
3221	1	45570.5
3222	1	-85383.7
3223	1	-22170.5
3224	1	72978
3225	1	-24513.1
3226	1	11140.1
3227	1	-67808.4
3228	1	63664.1
3229	1	25061.2
3230	1	-58552.3
3231	1	-88480.9
3232	1	81749
3233	1	63727.5
3234	1	-97282.9
3235	1	-21275.6
3236	1	31514
3237	1	-22705.8
3238	1	92315.8
3239	1	-18948.6
3240	1	-65275.3
3241	1	-54218.8
3242	1	-45703.2
3243	1	86731
3244	1	83491.6
3245	1	77275.8
3246	1	7972.27
3247	1	-39182.4
3248	1	56640.9
3249	1	41688.4
3250	1	97493.9
3251	1	99941.6
3252	1	-87212.9
3253	1	23039.5
3254	1	67516.5
3255	1	-80625.9
3256	1	62675.8
3257	1	54407.1
3258	1	-64218.2
3259	1	99150.1
3260	1	89258.3
3261	1	58705.5
3262	1	1078.26
3263	1	78739.5
3264	1	-97218.7
3265	1	5188.83
3266	1	-22872.4
3267	1	-80393.1
3268	1	4033.3
3269	1	95517
3270	1	12181.3
3271	1	-12201.5
3272	1	70546.1
3273	1	68380.8
3274	1	97829.2
3275	1	-86796.1
3276	1	-63292.2
3277	1	16417.7
3278	1	-81107.1
3279	1	26603
3280	1	22607.4
3281	1	14606.2
3282	1	-86088.2
3283	1	-88750.3
3284	1	-43295.8
3285	1	-31399.3
3286	1	39676.5
3287	1	-84663.4
3288	1	-19120.8
3289	1	-28048.9
3290	1	-49738.8
3291	1	3970.66
3292	1	5189.98
3293	1	-78834
3294	1	16572.5
3295	1	-40096.3
3296	1	-62819.4
3297	1	24062
3298	1	84647.9
3299	1	-23032.4
3300	1	95316.2
3301	1	66092.2
3302	1	-62465.1
3303	1	23153.2
3304	1	65375
3305	1	59535.3
3306	1	98750.2
3307	1	81190.4
3308	1	70236.2
3309	1	60359.6
3310	1	-26333.9
3311	1	27215.9
3312	1	-87815.1
3313	1	11329.3
3314	1	3145.22
3315	1	-44607.6
3316	1	52795.5
3317	1	-89225
3318	1	1117.93
3319	1	-33607.4
3320	1	97098.8
3321	1	22130.7
3322	1	-76758.1
3323	1	47600
3324	1	50537.1
3325	1	33059.7
3326	1	75917.9
3327	1	42138.3
3328	1	-31761.9
3329	1	27005.9
3330	1	57568.7
3331	1	-8588.89
3332	1	-75427.4
3333	1	-20048.5
3334	1	6162.83
3335	1	845.265
3336	1	11274.7
3337	1	50813.8
3338	1	-40822.3
3339	1	3616.84
3340	1	64107.6
3341	1	-19826.1
3342	1	-23555.7
3343	1	3329.28
3344	1	-97628.6
3345	1	25353
3346	1	-7238.07
3347	1	63504.4
3348	1	35637
3349	1	-87826.6
3350	1	33443.9
3351	1	57934.1
3352	1	-86527.2
3353	1	6605.83
3354	1	37812.3
3355	1	-87617.9
3356	1	-84656.7
3357	1	-48567.4
3358	1	98229.5
3359	1	61997.3
3360	1	-35804.2
3361	1	83794.4
3362	1	37728.6
3363	1	21780.2
3364	1	51609.3
3365	1	91482.6
3366	1	73177.4
3367	1	38826.6
3368	1	92941
3369	1	20827.7
3370	1	16967.8
3371	1	-71608.2
3372	1	-43381.7
3373	1	-2166.12
3374	1	-54683.2
3375	1	69590.5
3376	1	59289.6
3377	1	47619.5
3378	1	42580.5
3379	1	43517.9
3380	1	-50035.6
3381	1	27846.1
3382	1	-52559.7
3383	1	-58159.4
3384	1	-38308.4
3385	1	-88874.2
3386	1	53153.4
3387	1	93873.3
3388	1	-70985.8
3389	1	-48545.4
3390	1	-34179.1
3391	1	50786.6
3392	1	-88607.3
3393	1	-47279.7
3394	1	87177
3395	1	40524.3
3396	1	96192.6
3397	1	30274
3398	1	46053.4
3399	1	-72660.2
3400	1	-4104.21
3401	1	33127.1
3402	1	69236.7
3403	1	68186.6
3404	1	43929.3
3405	1	73159
3406	1	45611.3
3407	1	56615.1
3408	1	-98559.7
3409	1	73052.2
3410	1	46600.4
3411	1	43810.6
3412	1	-76790.3
3413	1	-35574.7
3414	1	61559
3415	1	-9653.71
3416	1	-43282.1
3417	1	-72240.2
3418	1	-44858.8
3419	1	98926.3
3420	1	-30091
3421	1	-35090.1
3422	1	23595.9
3423	1	82810.7
3424	1	-30573
3425	1	-18625.2
3426	1	56451.4
3427	1	-22917.2
3428	1	-14759.4
3429	1	-6855.27
3430	1	54073.7
3431	1	47780.6
3432	1	57760.3
3433	1	85196.1
3434	1	-54942.9
3435	1	53998.7
3436	1	-84027.5
3437	1	34565.1
3438	1	-90678.8
3439	1	79168.1
3440	1	96013.9
3441	1	-31426.1
3442	1	-46110.2
3443	1	-74814.6
3444	1	78421.4
3445	1	-60530.6
3446	1	-33436
3447	1	9423.31
3448	1	-7356.01
3449	1	38662.6
3450	1	-40966.7
3451	1	-94017.8
3452	1	90741.7
3453	1	59819.2
3454	1	91252
3455	1	-3432.93
3456	1	-40129.2
3457	1	3479.78
3458	1	93753.5
3459	1	64541.8
3460	1	-52577.3
3461	1	-11290.5
3462	1	11995.1
3463	1	-4886.58
3464	1	40977.1
3465	1	-68566.5
3466	1	34985.2
3467	1	67259.3
3468	1	-2634.21
3469	1	-87039.4
3470	1	32841.7
3471	1	-53800
3472	1	-42381.9
3473	1	40704.6
3474	1	-96625.5
3475	1	17595.8
3476	1	53280.1
3477	1	-16766.2
3478	1	47352.6
3479	1	72941.4
3480	1	-34000.1
3481	1	29320.9
3482	1	3712.79
3483	1	-17413.9
3484	1	-20204.3
3485	1	-18313.4
3486	1	47540.8
3487	1	-23454.1
3488	1	19375.7
3489	1	59514.9
3490	1	-48586.4
3491	1	-14083
3492	1	-48127.7
3493	1	2283.86
3494	1	28105.5
3495	1	-11955.2
3496	1	-39184.7
3497	1	60107.1
3498	1	60694
3499	1	95283.4
3500	1	50831.8
3501	1	-21227.7
3502	1	-80835.6
3503	1	147.951
3504	1	-32581.6
3505	1	85479.3
3506	1	-56659.3
3507	1	12346.6
3508	1	-58734.1
3509	1	-34952
3510	1	6006.62
3511	1	-22427.6
3512	1	93072.2
3513	1	-22384.8
3514	1	-53922.6
3515	1	10602.6
3516	1	52958.4
3517	1	-91207.6
3518	1	62454.3
3519	1	41663.8
3520	1	2263.64
3521	1	39427.8
3522	1	-89652.8
3523	1	-28195
3524	1	65827.2
3525	1	84977.2
3526	1	-99310.1
3527	1	15765.8
3528	1	-67881.1
3529	1	68209.9
3530	1	7988.91
3531	1	64990.8
3532	1	-33617.2
3533	1	-15147
3534	1	73240
3535	1	14916.8
3536	1	88172.7
3537	1	-90373.1
3538	1	42741.2
3539	1	-99805.4
3540	1	-69689.2
3541	1	-76640.5
3542	1	-66431.3
3543	1	-26400
3544	1	77176.4
3545	1	56674.8
3546	1	49923.2
3547	1	48096.6
3548	1	66588
3549	1	21706.7
3550	1	-17939.3
3551	1	9307.53
3552	1	-4546.18
3553	1	62679
3554	1	-54544.3
3555	1	-47866.5
3556	1	-25371.4
3557	1	-44649.9
3558	1	-40484.2
3559	1	-97302.7
3560	1	-71975.2
3561	1	-84429
3562	1	5374.47
3563	1	99142.8
3564	1	64366.5
3565	1	-82336.7
3566	1	-27941.2
3567	1	53498.8
3568	1	-73675
3569	1	-93855.9
3570	1	97983.5
3571	1	42916.2
3572	1	71864
3573	1	89853.2
3574	1	-7099.66
3575	1	98152.9
3576	1	-5112.43
3577	1	-85936.8
3578	1	-33027.7
3579	1	-48808.6
3580	1	99022.5
3581	1	78771
3582	1	-28346.7
3583	1	-37116.7
3584	1	-20470.6
3585	1	-17313.4
3586	1	-33825.1
3587	1	-41208.6
3588	1	-26206.3
3589	1	-53523.8
3590	1	-34974.5
3591	1	-41439.9
3592	1	-59624.5
3593	1	-92710.3
3594	1	-67997.3
3595	1	-35681
3596	1	-11046.4
3597	1	-40959.7
3598	1	52988.3
3599	1	-76040.1
3600	1	-57616.3
3601	1	2643.8
3602	1	-19568.6
3603	1	19964.6
3604	1	33618.8
3605	1	-89415
3606	1	-1118.62
3607	1	1305.58
3608	1	-81709.3
3609	1	41684.4
3610	1	-43337.9
3611	1	82035.4
3612	1	64001.4
3613	1	87191.5
3614	1	54489.6
3615	1	22729.5
3616	1	38741.5
3617	1	-66645.3
3618	1	-76618
3619	1	-71473.7
3620	1	25944.5
3621	1	-8258
3622	1	-77954.4
3623	1	84519.1
3624	1	-93481
3625	1	-82271.6
3626	1	53552.3
3627	1	72196.6
3628	1	-53444.8
3629	1	5053.2
3630	1	-67513.3
3631	1	-96508.8
3632	1	35563.5
3633	1	-42022.8
3634	1	36825.8
3635	1	53524.6
3636	1	62771.6
3637	1	65659.3
3638	1	-92551.2
3639	1	65431.7
3640	1	29377.2
3641	1	-98243.8
3642	1	-11178.4
3643	1	57799.7
3644	1	73793.7
3645	1	75219.5
3646	1	33036.9
3647	1	75223.4
3648	1	98420.4
3649	1	32668.6
3650	1	-71185.2
3651	1	29156.9
3652	1	85197.8
3653	1	-84788.3
3654	1	9070.97
3655	1	55993.2
3656	1	-57770.5
3657	1	-46743.3
3658	1	27078.7
3659	1	-13457.3
3660	1	36406
3661	1	-1308.17
3662	1	-21198.6
3663	1	-86341.3
3664	1	78618
3665	1	78635.4
3666	1	11037.2
3667	1	24266.1
3668	1	4442.07
3669	1	-24739.5
3670	1	61170.8
3671	1	-98362.3
3672	1	-33522.5
3673	1	82569.4
3674	1	-60751.5
3675	1	-94752.4
3676	1	84919.7
3677	1	-42819.7
3678	1	-62516.5
3679	1	28384.2
3680	1	29298.6
3681	1	-48936.4
3682	1	-76344.8
3683	1	34272.2
3684	1	-98844.3
3685	1	-56279.1
3686	1	-46869.3
3687	1	22277.9
3688	1	19150.1
3689	1	-87692.1
3690	1	-20346.4
3691	1	-16141.5
3692	1	-33429.9
3693	1	-23650.7
3694	1	30417.2
3695	1	-25080.5
3696	1	-39494.8
3697	1	89851.5
3698	1	-42833.2
3699	1	-27208.3
3700	1	-25605.8
3701	1	27121.3
3702	1	62251.5
3703	1	17364.5
3704	1	-54357.6
3705	1	59287.7
3706	1	70417
3707	1	12004.8
3708	1	-67185.7
3709	1	39617.2
3710	1	-92951.2
3711	1	76415.1
3712	1	63599.4
3713	1	1023.57
3714	1	-89625.6
3715	1	48319.7
3716	1	23697
3717	1	5517.93
3718	1	28985.6
3719	1	88425.2
3720	1	-80587.6
3721	1	-81119.8
3722	1	-77967.3
3723	1	63364.7
3724	1	4808.04
3725	1	90745.6
3726	1	-56161.4
3727	1	-82124.7
3728	1	-30037.2
3729	1	-53634.7
3730	1	-12654.6
3731	1	80164.6
3732	1	-13775.9
3733	1	31547.2
3734	1	-22315
3735	1	-4844.5
3736	1	64850.2
3737	1	65937.9
3738	1	14949.4
3739	1	40544.4
3740	1	48476.2
3741	1	-28946.9
3742	1	-56964.5
3743	1	56487.9
3744	1	40579.7
3745	1	2392.42
3746	1	28749.5
3747	1	-91761.4
3748	1	44763.1
3749	1	53419.8
3750	1	-49798.2
3751	1	90475.5
3752	1	-5309.9
3753	1	-56813.8
3754	1	15149.2
3755	1	36463
3756	1	-58852.2
3757	1	-75114.7
3758	1	-49503.3
3759	1	-9330.38
3760	1	82272.1
3761	1	18701.3
3762	1	64147.8
3763	1	26856.3
3764	1	-97666.3
3765	1	20855
3766	1	-36063.3
3767	1	63474
3768	1	-62444.7
3769	1	-52300.6
3770	1	-16335.4
3771	1	-93255.7
3772	1	-33177
3773	1	35740.1
3774	1	-87239.7
3775	1	-35098.3
3776	1	-20589.7
3777	1	-78347.9
3778	1	-75426.5
3779	1	79372.4
3780	1	65246.5
3781	1	-61926.1
3782	1	4945.91
3783	1	79631.5
3784	1	-59116.7
3785	1	-8579.3
3786	1	-30949.1
3787	1	-46085.7
3788	1	65721.6
3789	1	-334.381
3790	1	81235.5
3791	1	69096
3792	1	44051.3
3793	1	97048.4
3794	1	2145.67
3795	1	94588.9
3796	1	7425.59
3797	1	-89070.5
3798	1	57463.3
3799	1	79312.9
3800	1	81306.7
3801	1	-8960.1
3802	1	35755.5
3803	1	-69772.8
3804	1	80339.9
3805	1	-55435.3
3806	1	-71832
3807	1	-60964.6
3808	1	-34522.6
3809	1	86135
3810	1	-7027.49
3811	1	14393
3812	1	26920.1
3813	1	-39529.9
3814	1	10427.8
3815	1	-38297.4
3816	1	44975.9
3817	1	46376.6
3818	1	21406.6
3819	1	-2480.98
3820	1	95786.5
3821	1	-77863.3
3822	1	-54373.1
3823	1	-51703.2
3824	1	-57331.8
3825	1	20213.3
3826	1	74185.3
3827	1	5865.24
3828	1	6774.18
3829	1	41588.9
3830	1	-10061.2
3831	1	-18904.1
3832	1	-73649.2
3833	1	60204.8
3834	1	-71062
3835	1	-97903.6
3836	1	12039.1
3837	1	-35001.3
3838	1	87391.1
3839	1	-1105.88
3840	1	17520.2
3841	1	-7189.59
3842	1	4146.43
3843	1	25762
3844	1	-19284.1
3845	1	-98255
3846	1	96204.5
3847	1	20131.7
3848	1	-94453.6
3849	1	59566.6
3850	1	21663.8
3851	1	90060.7
3852	1	59058
3853	1	9790.53
3854	1	-85679.5
3855	1	73270.2
3856	1	76352.1
3857	1	-17910
3858	1	-26182
3859	1	-87275.6
3860	1	64643.6
3861	1	-83972.1
3862	1	-35661.4
3863	1	-30672.4
3864	1	-48871.6
3865	1	97465.3
3866	1	-68724.7
3867	1	51859.6
3868	1	-33275.1
3869	1	-91658.6
3870	1	5121.93
3871	1	-55481.1
3872	1	-50245
3873	1	-61385.8
3874	1	26922.5
3875	1	42123.5
3876	1	45015.9
3877	1	9439.03
3878	1	-88863.9
3879	1	-13038.5
3880	1	-1514.82
3881	1	-10178.5
3882	1	-4167.86
3883	1	31273.8
3884	1	-45465.9
3885	1	86879.7
3886	1	-80110.7
3887	1	9151.85
3888	1	-80410.3
3889	1	62302.3
3890	1	-18745
3891	1	-85141.5
3892	1	-20508.4
3893	1	-42924.3
3894	1	77269.7
3895	1	-20880.3
3896	1	-18780.7
3897	1	58662.2
3898	1	30354.3
3899	1	40963.9
3900	1	-9059.23
3901	1	6979.34
3902	1	56171.5
3903	1	49766.2
3904	1	-33971.8
3905	1	-29021.8
3906	1	71984
3907	1	32903.6
3908	1	83991.3
3909	1	-78426.6
3910	1	-30880.6
3911	1	-22748.4
3912	1	33122.9
3913	1	-22932.3
3914	1	-88638
3915	1	-77049.7
3916	1	-22079
3917	1	-97275.1
3918	1	6198.82
3919	1	-49956.3
3920	1	94647
3921	1	-51755.5
3922	1	-53132.7
3923	1	-54567.1
3924	1	13315.3
3925	1	6066.26
3926	1	65310.2
3927	1	-48495.3
3928	1	64737
3929	1	-24102
3930	1	35607.2
3931	1	-8419.62
3932	1	83248.5
3933	1	-6294.88
3934	1	-65512.4
3935	1	13441.6
3936	1	73763.6
3937	1	-64028.5
3938	1	-6918.59
3939	1	98798.3
3940	1	14369.4
3941	1	54073.8
3942	1	-46280.7
3943	1	-68704.6
3944	1	-65038.5
3945	1	50151.9
3946	1	-26809.6
3947	1	-12710.1
3948	1	-33473
3949	1	42376.5
3950	1	-74601.8
3951	1	-66031.9
3952	1	16776.4
3953	1	94316.5
3954	1	76161.9
3955	1	6109.13
3956	1	-81839.3
3957	1	21235.3
3958	1	53495
3959	1	60405.6
3960	1	67851.7
3961	1	93466.2
3962	1	55526.2
3963	1	34660.9
3964	1	-99032.1
3965	1	80432.9
3966	1	-71083.6
3967	1	16758.1
3968	1	21335.1
3969	1	-36712.8
3970	1	-31591.1
3971	1	-52379.3
3972	1	74696.6
3973	1	-13752.6
3974	1	-79976.1
3975	1	26733.6
3976	1	-82187.6
3977	1	-2410.04
3978	1	-28830.8
3979	1	96746.4
3980	1	-79799.2
3981	1	93129.3
3982	1	-8204.12
3983	1	8279.4
3984	1	88175.4
3985	1	52436.3
3986	1	83178.3
3987	1	44188.2
3988	1	8833.51
3989	1	87210.4
3990	1	70902.3
3991	1	75237.6
3992	1	98520.9
3993	1	23357.8
3994	1	80377.6
3995	1	39995.9
3996	1	40831.2
3997	1	14119.2
3998	1	-83632.8
3999	1	-9464.9
4000	1	90301.7
4001	1	30315.6
4002	1	-15086.1
4003	1	69549.4
4004	1	49930.8
4005	1	20318.1
4006	1	95489.8
4007	1	84424.8
4008	1	-13055.3
4009	1	-29062.8
4010	1	-55437.7
4011	1	88693.5
4012	1	-90745.7
4013	1	-29682.7
4014	1	8155.45
4015	1	56285.2
4016	1	83298.8
4017	1	-45174.6
4018	1	46622.1
4019	1	39010.3
4020	1	99056.4
4021	1	-66917.6
4022	1	84290.3
4023	1	-43458.7
4024	1	80756
4025	1	-59502.8
4026	1	56894.4
4027	1	86731.4
4028	1	40542.1
4029	1	-82899.1
4030	1	32846.4
4031	1	-58789.7
4032	1	-91180.5
4033	1	40684.1
4034	1	-67315.5
4035	1	92294
4036	1	-62147.1
4037	1	-51706.4
4038	1	86470.5
4039	1	-680.823
4040	1	82805.2
4041	1	-68283.9
4042	1	10385.2
4043	1	-66703.4
4044	1	8193.22
4045	1	93226.7
4046	1	-9184.89
4047	1	-77946
4048	1	93325.5
4049	1	24938.2
4050	1	-77020.2
4051	1	-84252
4052	1	80552.9
4053	1	58584
4054	1	-39308.6
4055	1	-44866.8
4056	1	23125.2
4057	1	80867
4058	1	79327.8
4059	1	-61857
4060	1	53041.8
4061	1	10531.9
4062	1	51145.4
4063	1	59532
4064	1	55718.6
4065	1	-4812.65
4066	1	14047.8
4067	1	15900
4068	1	92570
4069	1	-72932.4
4070	1	-8136.4
4071	1	-46360
4072	1	-64753.5
4073	1	-83892.8
4074	1	-65596.2
4075	1	-28329.9
4076	1	-88712.8
4077	1	-67353.2
4078	1	48280.8
4079	1	-64386.8
4080	1	-45336.5
4081	1	26965.4
4082	1	62208.4
4083	1	98908.9
4084	1	34301.7
4085	1	-13414.9
4086	1	70705.1
4087	1	47837
4088	1	56754.3
4089	1	-54831.6
4090	1	-41723.1
4091	1	-88497.1
4092	1	35578.1
4093	1	49486.3
4094	1	68644.8
4095	1	-43837.8
4096	1	-71744.5
4097	1	11988.6
4098	1	-58982.6
4099	1	35265.8
4100	1	-1615.22
4101	1	-49697.5
4102	1	6906.87
4103	1	-34953.7
4104	1	36040.2
4105	1	25780.7
4106	1	88976.5
4107	1	88489.3
4108	1	88515.4
4109	1	91352.6
4110	1	48877.4
4111	1	97732.7
4112	1	54040
4113	1	20485
4114	1	68612
4115	1	98783.9
4116	1	74209.6
4117	1	43483.2
4118	1	-76160.6
4119	1	59710.2
4120	1	5163.32
4121	1	-94976.2
4122	1	-84309.6
4123	1	10472.8
4124	1	-87664.1
4125	1	73190.3
4126	1	53955.3
4127	1	41018.7
4128	1	63213.9
4129	1	93254.5
4130	1	-77092.8
4131	1	70549.8
4132	1	59529.9
4133	1	13959
4134	1	74641.9
4135	1	-3455.96
4136	1	70319.6
4137	1	764.144
4138	1	86997.6
4139	1	87663.9
4140	1	-54123.8
4141	1	89611.2
4142	1	93672.7
4143	1	97184.4
4144	1	-83061.6
4145	1	87081.9
4146	1	40825.3
4147	1	-27008.2
4148	1	-76483.3
4149	1	77744.9
4150	1	16686.1
4151	1	63923.6
4152	1	-23297.7
4153	1	19639.3
4154	1	-54321.7
4155	1	65507.5
4156	1	-13636.3
4157	1	42872.8
4158	1	-20916.3
4159	1	46272.4
4160	1	39349.9
4161	1	-57278.6
4162	1	55912
4163	1	40845.7
4164	1	-16196.1
4165	1	39034.3
4166	1	-38232.6
4167	1	-53981.1
4168	1	92148.1
4169	1	-10461.7
4170	1	44210.3
4171	1	83432.6
4172	1	-49325.3
4173	1	58084.7
4174	1	43573.2
4175	1	80048.5
4176	1	-22754.5
4177	1	53767.8
4178	1	49210.5
4179	1	14628.1
4180	1	-95794.6
4181	1	7552
4182	1	-50674.2
4183	1	86775.5
4184	1	-1815.48
4185	1	94449.9
4186	1	95046.9
4187	1	34964
4188	1	75709.6
4189	1	-44265
4190	1	-69882.1
4191	1	5898.45
4192	1	88552.6
4193	1	-98564
4194	1	59052.4
4195	1	-81978.6
4196	1	-19254
4197	1	-74405.1
4198	1	91594.6
4199	1	61366.8
4200	1	19049.8
4201	1	-2243.67
4202	1	-15896.2
4203	1	-12549.8
4204	1	-3367.35
4205	1	-23892.1
4206	1	-76991.7
4207	1	-28198.8
4208	1	-35508.5
4209	1	-4095.81
4210	1	30904.8
4211	1	-56856.9
4212	1	-94974.1
4213	1	97120.2
4214	1	98458.5
4215	1	38025.4
4216	1	-18028.6
4217	1	17135.7
4218	1	-44909.8
4219	1	57642.2
4220	1	-48148.9
4221	1	-44621.3
4222	1	33831.4
4223	1	-96523.9
4224	1	96410.6
4225	1	27846.6
