483	1	483
1	1	-73783.6
2	1	92051.3
3	1	-33934.3
4	1	55298.8
5	1	-60628.1
6	1	-6470.88
7	1	50275.7
8	1	-91215.5
9	1	33627
10	1	17530.7
11	1	-8455.75
12	1	18516
13	1	-98036.4
14	1	85097.6
15	1	-91853.4
16	1	-82762.3
17	1	-53880.2
18	1	8534.03
19	1	52.2568
20	1	-26804.8
21	1	-39385.3
22	1	-78635.5
23	1	-28053.4
24	1	-43328.3
25	1	66635.4
26	1	-21776.6
27	1	-69644.7
28	1	95766.2
29	1	-78726.3
30	1	13337.7
31	1	-82570.5
32	1	61356.5
33	1	-14463.1
34	1	-23994.3
35	1	-41461.7
36	1	-85129.1
37	1	-65971.5
38	1	-69453.1
39	1	-55057.7
40	1	-81614.1
41	1	84890.2
42	1	-78793.2
43	1	66247
44	1	-56029
45	1	-18220.6
46	1	40560.9
47	1	-68662.4
48	1	-77512.3
49	1	62173
50	1	-88625.6
51	1	-57720.7
52	1	46406.7
53	1	-76442.1
54	1	-80157.1
55	1	56003.3
56	1	-10149.2
57	1	-65730.2
58	1	-50680.5
59	1	97882.3
60	1	59264.6
61	1	42955.3
62	1	-54807.6
63	1	-7548.16
64	1	-19657.9
65	1	-18910.3
66	1	28835.7
67	1	97384.4
68	1	19432.5
69	1	5808.22
70	1	-74522.9
71	1	11059.3
72	1	826.59
73	1	-7670.6
74	1	-59578.4
75	1	83496.7
76	1	79764.1
77	1	93977.7
78	1	31134.6
79	1	31265.5
80	1	-99600.8
81	1	76154
82	1	53212.4
83	1	-9854.78
84	1	-76896.7
85	1	-77052
86	1	24053.8
87	1	32828.5
88	1	-96024
89	1	60616.9
90	1	59905
91	1	18318.7
92	1	-49955.6
93	1	7183.36
94	1	835.188
95	1	24250.2
96	1	-68239
97	1	44750.4
98	1	-56208.6
99	1	555.42
100	1	-11725.1
101	1	5701.94
102	1	80558
103	1	-65805.8
104	1	32549.4
105	1	-57244.6
106	1	-12544.8
107	1	10386.3
108	1	54491.5
109	1	9288.41
110	1	98131.3
111	1	-84898.9
112	1	52844.8
113	1	-2832.67
114	1	-50454.4
115	1	15432.6
116	1	-14299.8
117	1	50780.5
118	1	-75268.5
119	1	-21391.2
120	1	-60439.4
121	1	-94133.5
122	1	40726.5
123	1	-91356.8
124	1	-92780.5
125	1	50131.4
126	1	-70226.6
127	1	-11142.5
128	1	65910.6
129	1	-34286
130	1	-2833.42
131	1	-34758.4
132	1	91872.6
133	1	-20484.4
134	1	-548.677
135	1	70923.5
136	1	-37773.1
137	1	-65975.3
138	1	-17256.5
139	1	71401.6
140	1	74437.4
141	1	-16346.1
142	1	-70340.8
143	1	-53717.7
144	1	36415.3
145	1	-60201.3
146	1	-97604.5
147	1	17509.9
148	1	81142.6
149	1	59371.5
150	1	76643.6
151	1	62953.7
152	1	65859.8
153	1	-78472.8
154	1	-29872.6
155	1	-20026.7
156	1	-60827.6
157	1	2427.77
158	1	-83484.9
159	1	-65728.7
160	1	-16659
161	1	-71512.7
162	1	-26628.3
163	1	48765.4
164	1	-54377.1
165	1	-60392.2
166	1	-35249.4
167	1	-22033.7
168	1	-37581.8
169	1	45660.2
170	1	11243.6
171	1	-27671.9
172	1	90489.2
173	1	-3020.05
174	1	-57315.5
175	1	-2932.13
176	1	-62640
177	1	71052.4
178	1	19892.2
179	1	-77671
180	1	90061.3
181	1	711.634
182	1	64355.5
183	1	-33801.4
184	1	-53032.4
185	1	7468.46
186	1	52118.7
187	1	89596.7
188	1	-93307.5
189	1	65985.2
190	1	-69561.7
191	1	-37593.6
192	1	7680.98
193	1	18376.2
194	1	3667.6
195	1	-16144.6
196	1	-26202.9
197	1	88917
198	1	-59075.4
199	1	19986.6
200	1	-85051.8
201	1	-93554
202	1	6393.89
203	1	-46828.1
204	1	22281.9
205	1	83292.9
206	1	37340.9
207	1	81029.9
208	1	36770.6
209	1	-58259
210	1	-52430
211	1	52850.6
212	1	22303.7
213	1	13683.9
214	1	33686.5
215	1	68015.1
216	1	-83550
217	1	55378.2
218	1	90542.4
219	1	32764
220	1	88269
221	1	-55760.9
222	1	-39977.1
223	1	-38684.7
224	1	-27479.3
225	1	-10345.3
226	1	15115.5
227	1	-63203.9
228	1	49945.5
229	1	-61341.1
230	1	-19599.3
231	1	-19819.1
232	1	-2323.32
233	1	-15886.3
234	1	-98607.7
235	1	-77309.7
236	1	-22095.4
237	1	-93303.5
238	1	90441.4
239	1	6158.26
240	1	-88209.7
241	1	-15800.4
242	1	-35159.9
243	1	2605.88
244	1	26260.8
245	1	62645
246	1	1436.27
247	1	60690
248	1	28156.6
249	1	-1769.83
250	1	-80884.4
251	1	-98436.8
252	1	40240.3
253	1	-31579.6
254	1	58577.3
255	1	-32981.7
256	1	42504.3
257	1	-15160.1
258	1	-32761.8
259	1	-66935.1
260	1	-18011.4
261	1	90303.1
262	1	72835.2
263	1	-67530.7
264	1	46196.8
265	1	36076.5
266	1	31085.3
267	1	-12469.2
268	1	-62621.5
269	1	56637.4
270	1	98325.5
271	1	61057.6
272	1	-60625.9
273	1	-42100
274	1	64042
275	1	41067.3
276	1	44568.8
277	1	-50530.9
278	1	-28893.1
279	1	60334.9
280	1	-66072
281	1	43124
282	1	-14009
283	1	43938
284	1	-97587.3
285	1	-46717.1
286	1	78081
287	1	-86200.5
288	1	54344.9
289	1	-71376.9
290	1	-17064.5
291	1	-731.53
292	1	41062.9
293	1	50227.4
294	1	34903.9
295	1	-11626.7
296	1	-79084.1
297	1	-22037.5
298	1	-49680
299	1	11514.9
300	1	-41620
301	1	-92049.2
302	1	-85551.4
303	1	-37305.8
304	1	-77913.1
305	1	59143.9
306	1	30224
307	1	-37966.1
308	1	99276.4
309	1	-35569
310	1	-72953.2
311	1	22390.5
312	1	-23365.9
313	1	24811.1
314	1	-2759.11
315	1	-7889.17
316	1	76042.8
317	1	-37702.2
318	1	55793.9
319	1	75463.8
320	1	-15677.4
321	1	6995.91
322	1	-61115.7
323	1	6390.73
324	1	-20472.5
325	1	-8144.17
326	1	66591.7
327	1	-2942.53
328	1	43884.4
329	1	-87082.2
330	1	7358.47
331	1	81974.6
332	1	-48627.5
333	1	1468.66
334	1	-48300.3
335	1	-51429.1
336	1	-40808.7
337	1	-80866.7
338	1	-97432.9
339	1	-36219.8
340	1	-67346
341	1	3472.22
342	1	62842.2
343	1	48308
344	1	-88649.4
345	1	62263.9
346	1	-18397
347	1	-82475.3
348	1	71504.4
349	1	-73513.7
350	1	89055.8
351	1	44708.4
352	1	45619.6
353	1	-47088.2
354	1	93114.2
355	1	-98661.3
356	1	-54585.5
357	1	-26512.1
358	1	-73529.8
359	1	-51361.2
360	1	-41472.8
361	1	-61666.8
362	1	-25870
363	1	18939.2
364	1	5013.34
365	1	26471.7
366	1	-44558
367	1	-17926.6
368	1	67969.5
369	1	84818.7
370	1	-32452.3
371	1	82968.4
372	1	11850.5
373	1	-15116.7
374	1	80140.8
375	1	41391.5
376	1	-3302.78
377	1	-95308.7
378	1	-38059.2
379	1	47535.4
380	1	-57551.9
381	1	-77894.3
382	1	-58599.4
383	1	34096.8
384	1	-83334.2
385	1	21438.1
386	1	90117
387	1	82192.3
388	1	-8602.02
389	1	71872.7
390	1	-74487.9
391	1	-38308.9
392	1	96899.4
393	1	60934.3
394	1	64365.2
395	1	-12334.3
396	1	-33124.5
397	1	-61528.7
398	1	-71322.4
399	1	-37294.5
400	1	-59522.5
401	1	50609.9
402	1	47319
403	1	-29944
404	1	57721.1
405	1	-7996.46
406	1	-90638.6
407	1	78719
408	1	-20109.7
409	1	-46238.8
410	1	-20553.8
411	1	7830.46
412	1	47067.2
413	1	2289.04
414	1	-80567.5
415	1	-84676.9
416	1	-56530
417	1	-1351.43
418	1	39.998
419	1	-12472.3
420	1	51222.4
421	1	73750.4
422	1	22356.8
423	1	93605.6
424	1	63400.9
425	1	-9567.43
426	1	99603.9
427	1	-47067.9
428	1	-21448.2
429	1	-49234.4
430	1	-1496.26
431	1	-32204.9
432	1	53981.1
433	1	-1060.08
434	1	-86719.7
435	1	54239.1
436	1	-95362.5
437	1	-10442.7
438	1	-48652.1
439	1	-1173.85
440	1	5934.07
441	1	56837.2
442	1	72665.8
443	1	-61194.4
444	1	38437.5
445	1	62508.6
446	1	-75219.8
447	1	-84504.1
448	1	-60406.3
449	1	33346.8
450	1	-66691.3
451	1	-70254.1
452	1	93200.5
453	1	29965.5
454	1	42319.6
455	1	-22822.6
456	1	-17766.4
457	1	-26186
458	1	49051.7
459	1	-72958.5
460	1	45159
461	1	-69301.9
462	1	-84168.5
463	1	2286.74
464	1	30077.1
465	1	-92689.3
466	1	-32928.7
467	1	-24465.1
468	1	50671
469	1	-76087.5
470	1	71736.3
471	1	-41796.8
472	1	43938.8
473	1	87611.4
474	1	-14172.3
475	1	82909.4
476	1	-1451.54
477	1	-38256.5
478	1	-99464.4
479	1	-91893.5
480	1	-78776
481	1	22991.1
482	1	51171.3
483	1	-49288.4
