4884	1	4884
1	1	64940.3
2	1	-58956.4
3	1	97486.7
4	1	38105.1
5	1	36080.9
6	1	42396.7
7	1	13928.8
8	1	-27788.1
9	1	-34326.7
10	1	6526.3
11	1	63701.9
12	1	6850.62
13	1	-44582.5
14	1	-71418.8
15	1	31666.6
16	1	-76621.4
17	1	64460
18	1	39228.6
19	1	86104.1
20	1	-87993.8
21	1	84631
22	1	5624.74
23	1	-37471
24	1	4545.6
25	1	15421.5
26	1	-83675.5
27	1	80477.1
28	1	-55680
29	1	65296.1
30	1	-61240.6
31	1	18711.1
32	1	89639.9
33	1	-46404.2
34	1	27379
35	1	-5432.09
36	1	-5673.4
37	1	351.18
38	1	5280.67
39	1	-67901.1
40	1	35996.7
41	1	-79812.4
42	1	-82533
43	1	-80733.6
44	1	21165.2
45	1	-18732.9
46	1	48409.9
47	1	43910.9
48	1	77547.9
49	1	96415.3
50	1	66229.5
51	1	37951
52	1	-25026.2
53	1	53499.8
54	1	43899.2
55	1	17532.9
56	1	16854.9
57	1	-40902.5
58	1	-39874.3
59	1	-30281
60	1	-6518.76
61	1	7842.66
62	1	-52188.4
63	1	-6933.33
64	1	-4137.13
65	1	27978.1
66	1	22796.3
67	1	32482
68	1	-33436.6
69	1	-83180
70	1	42519.2
71	1	-37094.7
72	1	-90146.5
73	1	80306.3
74	1	-94872.4
75	1	16203
76	1	-74489.1
77	1	85760.5
78	1	87383.2
79	1	64110.3
80	1	-15929.4
81	1	51620.2
82	1	-9348.78
83	1	-27586.7
84	1	94201.3
85	1	97124.4
86	1	62940
87	1	95625.8
88	1	-56886.8
89	1	-17498.3
90	1	48633.5
91	1	-80987.7
92	1	97432.9
93	1	34352.7
94	1	75766.8
95	1	-60603.5
96	1	56976.1
97	1	-22525.4
98	1	84053.4
99	1	-25996.1
100	1	-91914
101	1	39904.5
102	1	23283.2
103	1	60171.5
104	1	-90934.6
105	1	-66947
106	1	-44474.6
107	1	18396.7
108	1	18539.5
109	1	-9983.29
110	1	60076.3
111	1	89983.4
112	1	34546.5
113	1	99798.1
114	1	-53806
115	1	14367.8
116	1	-21358.9
117	1	11753.2
118	1	-35490.5
119	1	-74359.8
120	1	45263.1
121	1	-97168.1
122	1	65478.2
123	1	-19275.2
124	1	32985
125	1	89463
126	1	40785.2
127	1	55762.6
128	1	-55236.4
129	1	57258.2
130	1	-38634.6
131	1	-17491
132	1	72374
133	1	17934.7
134	1	38747.9
135	1	-44561.1
136	1	-12536.8
137	1	-26056.6
138	1	-84543.5
139	1	-76937.4
140	1	25096.5
141	1	70198.9
142	1	-69289.4
143	1	-40300.6
144	1	-23849.4
145	1	-56697.6
146	1	-60567.4
147	1	-60912.2
148	1	-39566.2
149	1	-14074.8
150	1	-96035.2
151	1	-75031.3
152	1	-20335.7
153	1	-6465.25
154	1	-80648.6
155	1	-30676.3
156	1	52114.9
157	1	-69149.7
158	1	18571.5
159	1	-81509.8
160	1	67250.5
161	1	-32155.1
162	1	48275.5
163	1	6227.24
164	1	-81237.9
165	1	-37218.9
166	1	-25521.6
167	1	-17875.7
168	1	79558.3
169	1	-95935.9
170	1	58991.9
171	1	64538.3
172	1	26080.8
173	1	-71496.6
174	1	89478.4
175	1	41660
176	1	45322.6
177	1	16992.1
178	1	39562.3
179	1	-27138.7
180	1	65153.3
181	1	-73753.7
182	1	21090.2
183	1	67500.6
184	1	76386.7
185	1	-41258.9
186	1	35517.1
187	1	-67317.4
188	1	77861.5
189	1	88377.1
190	1	-96376.4
191	1	-99699.5
192	1	-79901.9
193	1	83557.3
194	1	-71200.7
195	1	-30144.7
196	1	35843.5
197	1	-51350.3
198	1	-72978.4
199	1	-20156.6
200	1	9374.26
201	1	-15897.2
202	1	-18270.8
203	1	-54636.6
204	1	38414.1
205	1	-6664.77
206	1	20878
207	1	-94676.2
208	1	-12061.9
209	1	-39741.9
210	1	-88464.6
211	1	-36986.6
212	1	-61120.7
213	1	-11120.9
214	1	8325
215	1	51763.1
216	1	87616.7
217	1	39773.3
218	1	21299.1
219	1	-24342.9
220	1	-54575.3
221	1	7510.01
222	1	40530
223	1	-98482.1
224	1	-55109.7
225	1	-12146
226	1	-13893
227	1	-96525.4
228	1	-49152.2
229	1	-59863.4
230	1	95939.4
231	1	72717.4
232	1	-31969.2
233	1	-22663.1
234	1	-17568.9
235	1	77629
236	1	90440.1
237	1	-32346
238	1	17148.3
239	1	75.1046
240	1	90916.7
241	1	-24893.7
242	1	51309.4
243	1	59318.3
244	1	-82607.7
245	1	-80688.2
246	1	31663.3
247	1	63191.2
248	1	7282.26
249	1	5518.3
250	1	53915
251	1	-87670.9
252	1	-21301.1
253	1	48318
254	1	-27566.3
255	1	-73473.7
256	1	53635.4
257	1	-43376.2
258	1	-91875.9
259	1	-76038.4
260	1	3982.51
261	1	36041.4
262	1	-6116.04
263	1	-84321.2
264	1	70218.6
265	1	56184.2
266	1	-94213.7
267	1	16244.9
268	1	-35341.3
269	1	-81752.9
270	1	-43531.2
271	1	-66783.4
272	1	-20834.3
273	1	39130.7
274	1	19378.4
275	1	-53280.7
276	1	-53728.9
277	1	71807.6
278	1	-54431.5
279	1	3870.41
280	1	-66792.5
281	1	-98349.3
282	1	75250
283	1	80641.8
284	1	-48029.6
285	1	90005.9
286	1	-89154.2
287	1	-33331.8
288	1	-50059.3
289	1	3024.35
290	1	46116.8
291	1	7463.59
292	1	-10252.3
293	1	78316.5
294	1	-99624.1
295	1	52574.7
296	1	77087.8
297	1	-25454.8
298	1	-95644.5
299	1	-100.099
300	1	74922
301	1	-84884.7
302	1	34682.7
303	1	23130.5
304	1	-12746.7
305	1	55292.5
306	1	-12689.3
307	1	-60322.8
308	1	40634.1
309	1	-33751.4
310	1	-56409.7
311	1	-24693.7
312	1	-38892.3
313	1	15700.8
314	1	44064.5
315	1	10955.5
316	1	-66509
317	1	39962.5
318	1	68766.7
319	1	26166.7
320	1	22205.9
321	1	47824
322	1	62363.5
323	1	-24340.9
324	1	78743.9
325	1	-39787.1
326	1	-23388.5
327	1	86637.7
328	1	-98327.4
329	1	-45664.9
330	1	-80445.7
331	1	-70209.5
332	1	-99605.2
333	1	78854.8
334	1	75939.3
335	1	65846.9
336	1	-38298.9
337	1	30626.6
338	1	-52230.4
339	1	82522.1
340	1	697.062
341	1	54640.8
342	1	-69853.4
343	1	76873.2
344	1	-50581.2
345	1	-97936.9
346	1	-21327.5
347	1	-79471.2
348	1	-76204
349	1	17257.6
350	1	-36141
351	1	-61699.1
352	1	5200.7
353	1	31994.8
354	1	68301
355	1	83308.8
356	1	48702.3
357	1	8324.34
358	1	44288.1
359	1	-74261.6
360	1	26413.4
361	1	31217
362	1	-80432.8
363	1	-28922
364	1	-54131.4
365	1	-16981.5
366	1	-7416.49
367	1	55051.2
368	1	16448.8
369	1	72483.4
370	1	-97346.8
371	1	22499.4
372	1	87353.3
373	1	31256.6
374	1	-25817.4
375	1	-21718.3
376	1	6705.3
377	1	-65859.1
378	1	79705.6
379	1	-17150.5
380	1	-15895.8
381	1	78515.3
382	1	50633.5
383	1	-63137
384	1	-14758.4
385	1	-18815.7
386	1	73985.8
387	1	-12359.3
388	1	-12539.2
389	1	78962.5
390	1	-92712.5
391	1	-75869.5
392	1	62446.5
393	1	-7869.46
394	1	-10348.9
395	1	96017.1
396	1	95222.6
397	1	-13378.9
398	1	77026.7
399	1	-19019.2
400	1	14636.5
401	1	2462.93
402	1	52773.5
403	1	-64063
404	1	32387.8
405	1	71034
406	1	91218.6
407	1	-51338.3
408	1	-98634.4
409	1	-15350.5
410	1	29626.7
411	1	-89651.9
412	1	-58474.4
413	1	63052.2
414	1	-6662.21
415	1	41406.2
416	1	30766.6
417	1	-50947.8
418	1	-54050.4
419	1	-66995.8
420	1	93146.2
421	1	52890
422	1	-77460.5
423	1	-30375.1
424	1	-64233.8
425	1	32771.7
426	1	67843
427	1	-26961.5
428	1	-91213
429	1	-62426.8
430	1	91817
431	1	-92875.5
432	1	-91562.5
433	1	-97679.9
434	1	-90839.6
435	1	60018.1
436	1	27311.7
437	1	-60819.5
438	1	-16585.6
439	1	23063.9
440	1	45008.3
441	1	75524.6
442	1	-33228.2
443	1	87733.5
444	1	-42391.6
445	1	47285.9
446	1	-85753.3
447	1	-61492.5
448	1	44257.9
449	1	-13734.1
450	1	-57002.5
451	1	-88439.3
452	1	-93747.8
453	1	34139.3
454	1	-44450.5
455	1	-57823.2
456	1	58757.3
457	1	70175
458	1	-24579
459	1	33212.5
460	1	38566.2
461	1	4158.75
462	1	89540.4
463	1	-19231.2
464	1	96615.6
465	1	72046.6
466	1	-56982.3
467	1	-36022
468	1	-56623
469	1	62726.8
470	1	-91902.1
471	1	-89779.7
472	1	27608.2
473	1	17748.1
474	1	-41581
475	1	57544.7
476	1	-90570.7
477	1	-17334.3
478	1	-15925.1
479	1	18267.3
480	1	-1261.27
481	1	82129.7
482	1	67862.1
483	1	69516.9
484	1	-99229.9
485	1	-56497.5
486	1	49326.5
487	1	56978.1
488	1	-87621.6
489	1	-51808.1
490	1	-30082.8
491	1	-89410.7
492	1	-7286.25
493	1	1882.62
494	1	63829.7
495	1	-39016.4
496	1	-64175.1
497	1	-71377
498	1	53727.2
499	1	-35787.5
500	1	-17446.9
501	1	-45305.5
502	1	36656.8
503	1	-5086.03
504	1	17033.8
505	1	-70859
506	1	71291.9
507	1	-50434.3
508	1	31250.2
509	1	42906.6
510	1	36032.6
511	1	80971.9
512	1	65376.8
513	1	-78869.3
514	1	-9049.3
515	1	76053
516	1	-37818.1
517	1	-59682.2
518	1	77032.6
519	1	-87271.5
520	1	89437
521	1	-45273.1
522	1	62340.4
523	1	-38179.9
524	1	48824.1
525	1	98124.2
526	1	-98777.2
527	1	-66004.2
528	1	-73418.2
529	1	24282.1
530	1	39510.5
531	1	-92697.5
532	1	65829.6
533	1	-47555.5
534	1	-30083.1
535	1	-42069.3
536	1	4827.63
537	1	-36500.7
538	1	72110.6
539	1	15949.9
540	1	-78844.3
541	1	-27990.7
542	1	52573.2
543	1	21632.5
544	1	-72345.7
545	1	58332.4
546	1	-34922.9
547	1	7620.07
548	1	82495.8
549	1	-16516.8
550	1	97412.3
551	1	36935.1
552	1	69458.5
553	1	-14045.2
554	1	-76015.7
555	1	18454.9
556	1	-77958.1
557	1	-39542.1
558	1	-98875.9
559	1	37786.2
560	1	30486.4
561	1	15541.3
562	1	16494.3
563	1	25699.1
564	1	-86644
565	1	-13449.1
566	1	-30690.2
567	1	41542.6
568	1	10963
569	1	64321.7
570	1	-66941.6
571	1	-8794.07
572	1	-12039
573	1	-50362.1
574	1	16013
575	1	-80592.2
576	1	8170.77
577	1	-65395.6
578	1	89156.8
579	1	-72544.7
580	1	87011
581	1	-51987.8
582	1	-18752.9
583	1	69102.7
584	1	-74422.2
585	1	58611.8
586	1	-78134.5
587	1	-49413.9
588	1	6227.41
589	1	-7193.89
590	1	32154.6
591	1	-22744.8
592	1	47510.9
593	1	-9827.4
594	1	89439.6
595	1	-17763.7
596	1	29074.8
597	1	2881.61
598	1	6639.29
599	1	-29275.9
600	1	25606.7
601	1	93383
602	1	2875.76
603	1	-99020.7
604	1	-63927.7
605	1	-27586.7
606	1	68689.2
607	1	70876.6
608	1	78428.1
609	1	-67346.8
610	1	46180.9
611	1	24906.8
612	1	3525.93
613	1	-57449.4
614	1	19310.8
615	1	72286.7
616	1	55138.1
617	1	2649.7
618	1	76869.6
619	1	78593.9
620	1	54731.9
621	1	-18229.7
622	1	-64012.6
623	1	1852.13
624	1	-51463.4
625	1	1689.66
626	1	78794.7
627	1	27660.9
628	1	-74438.9
629	1	47869.2
630	1	97062.3
631	1	-58079.4
632	1	-32273.4
633	1	-93834.6
634	1	-64524
635	1	-1734.83
636	1	-48800.6
637	1	20123.2
638	1	-32047.4
639	1	-11488
640	1	54184.7
641	1	16022.8
642	1	-99009.9
643	1	26573.5
644	1	8274.45
645	1	22845.1
646	1	-88868.5
647	1	6950.96
648	1	18879.3
649	1	39574.1
650	1	-42870.9
651	1	-57099.8
652	1	62725
653	1	85428.8
654	1	-30296.5
655	1	37244.2
656	1	-81564.4
657	1	57929.9
658	1	-21998.6
659	1	60518.7
660	1	75681
661	1	-99669
662	1	25191.8
663	1	24192.9
664	1	-74104.8
665	1	-33245.4
666	1	84085.3
667	1	9536.77
668	1	-13636.1
669	1	-76301.4
670	1	75255.2
671	1	-54945.4
672	1	-301.394
673	1	-41697.4
674	1	33611
675	1	14053.5
676	1	42657.8
677	1	-40971
678	1	80819.1
679	1	32534.7
680	1	43669.4
681	1	37953.1
682	1	58043.8
683	1	44937.5
684	1	11778.2
685	1	-65813.2
686	1	96752.7
687	1	-21964.5
688	1	-56180.3
689	1	-3089.88
690	1	58317.7
691	1	-25546.4
692	1	80888.2
693	1	25230.3
694	1	43178.8
695	1	-74012.1
696	1	43949.1
697	1	85637.2
698	1	-15359.1
699	1	4323.52
700	1	83284.8
701	1	21288.8
702	1	-35655.8
703	1	-58639.8
704	1	45629.2
705	1	-4736.83
706	1	-41841
707	1	-49764.5
708	1	69125.4
709	1	-71392.1
710	1	59702
711	1	55177.5
712	1	92534.4
713	1	-81895.8
714	1	-7634.46
715	1	-47274.4
716	1	-68489.3
717	1	-16262.7
718	1	59263.4
719	1	-66802.5
720	1	-61371.7
721	1	-57966.7
722	1	58538.4
723	1	-63697.1
724	1	-21989.8
725	1	-65665.9
726	1	-59221
727	1	7467.03
728	1	79941.9
729	1	58022.7
730	1	-86605.2
731	1	53224.4
732	1	51235.7
733	1	57359.8
734	1	-99222.6
735	1	-6415.53
736	1	73732.4
737	1	22168.9
738	1	20971.9
739	1	6222.54
740	1	-91663.2
741	1	92582.3
742	1	-84937.9
743	1	-92840.6
744	1	67357.6
745	1	-54082
746	1	-18772.6
747	1	71346.9
748	1	-7250.92
749	1	94095.1
750	1	-34110.4
751	1	69464.7
752	1	58752.1
753	1	-19837.4
754	1	73730.7
755	1	-89600.1
756	1	-78047.1
757	1	68180.6
758	1	84134.4
759	1	-78316.3
760	1	-39370.1
761	1	-24412.3
762	1	43160.4
763	1	-19057.2
764	1	63381.3
765	1	-52969.3
766	1	28916.9
767	1	-87122.7
768	1	-9166.7
769	1	70947.4
770	1	29160.9
771	1	84528.4
772	1	48491.4
773	1	83966.4
774	1	7549.5
775	1	-78002.9
776	1	43120
777	1	78411.1
778	1	-77992.3
779	1	-96318.3
780	1	64000.6
781	1	49307.3
782	1	73758.7
783	1	93399.1
784	1	-4090.87
785	1	-36767.9
786	1	-59493.3
787	1	18402.7
788	1	-54314.2
789	1	-41173.9
790	1	79748.1
791	1	-63503.2
792	1	-45313.2
793	1	-89378
794	1	53811.7
795	1	-8279.74
796	1	16938.2
797	1	21003.9
798	1	99884.9
799	1	-12190.8
800	1	96132.5
801	1	-27837.2
802	1	-39948.1
803	1	-54223.9
804	1	80407.7
805	1	-82328
806	1	84728.3
807	1	-18421.6
808	1	97820.9
809	1	96474.9
810	1	30629.3
811	1	10331
812	1	-83086.4
813	1	59958.7
814	1	-43693.6
815	1	-59777.2
816	1	-35202.9
817	1	84736.8
818	1	85329
819	1	-69166.9
820	1	92376.8
821	1	-35621.7
822	1	22327.9
823	1	20743
824	1	-86779.1
825	1	93253.6
826	1	-51299.7
827	1	-56591.5
828	1	90583.9
829	1	9353.12
830	1	-11112.8
831	1	90182.5
832	1	76488.6
833	1	-48591.9
834	1	47244.6
835	1	-60669
836	1	-99953.2
837	1	72352.7
838	1	36757.5
839	1	64137.9
840	1	-67398.4
841	1	86393.5
842	1	84861.5
843	1	-7711.07
844	1	93819.5
845	1	75160.8
846	1	41380.7
847	1	-52830.4
848	1	33789.1
849	1	-78018.1
850	1	-68451.5
851	1	59706.9
852	1	37426.7
853	1	86401.2
854	1	-59080
855	1	-15305.2
856	1	-52474.8
857	1	25378.1
858	1	-8986.12
859	1	69819.5
860	1	37494.6
861	1	64632.5
862	1	-87323.8
863	1	13541.9
864	1	5286.51
865	1	-9300.63
866	1	56991.6
867	1	-9812.4
868	1	-84073.8
869	1	35004.9
870	1	-27257.3
871	1	4019.3
872	1	60604
873	1	5696.35
874	1	1437.28
875	1	68495.3
876	1	-2200.92
877	1	-74616.1
878	1	93743.1
879	1	-68366.1
880	1	-66161
881	1	-43578.6
882	1	46394.6
883	1	-69663.4
884	1	98714.1
885	1	-33193.5
886	1	54007
887	1	-30437.7
888	1	-44193.8
889	1	33050.8
890	1	60328.1
891	1	-28925.2
892	1	41785.9
893	1	49228.8
894	1	-65093.3
895	1	-61518.7
896	1	3875.02
897	1	27728.7
898	1	79726.1
899	1	-72274.9
900	1	45125.8
901	1	-72415.1
902	1	86165.1
903	1	78361.6
904	1	-85064.2
905	1	-27375
906	1	-44703.8
907	1	35824.3
908	1	83842.6
909	1	76151.8
910	1	74149.6
911	1	30828.7
912	1	92861.7
913	1	-20555.2
914	1	-42414.1
915	1	66013.7
916	1	76200.3
917	1	98934.9
918	1	30927
919	1	34028.2
920	1	38886.6
921	1	-4720.05
922	1	-85070.8
923	1	24032.2
924	1	37735.2
925	1	-22888.9
926	1	96776.5
927	1	3085.59
928	1	9232.59
929	1	84155.5
930	1	-27456.3
931	1	-79516
932	1	-81127.7
933	1	87213.8
934	1	13944.8
935	1	68460.4
936	1	-53315.9
937	1	61012.1
938	1	6811.76
939	1	-92505.6
940	1	-1926.61
941	1	-33403.9
942	1	-54518
943	1	8984.31
944	1	25906.7
945	1	-52468
946	1	53471.7
947	1	73907.7
948	1	92228.5
949	1	-93920.8
950	1	-26459.9
951	1	30450.9
952	1	58682.1
953	1	38276.2
954	1	92914.3
955	1	-59881.5
956	1	-47318.6
957	1	25181
958	1	47530.3
959	1	-30435.4
960	1	-25798.7
961	1	981.957
962	1	-1528.41
963	1	9474.22
964	1	-92862.9
965	1	45160.9
966	1	75398.9
967	1	8555.7
968	1	-66729.1
969	1	-93887.9
970	1	-81552.2
971	1	-8034.25
972	1	-50463.7
973	1	-86136.6
974	1	-51713.8
975	1	18615.6
976	1	-86923.6
977	1	44476.7
978	1	90137.4
979	1	-93887.1
980	1	54860
981	1	-81370.9
982	1	36434.9
983	1	-69438
984	1	-15909.8
985	1	-56817.4
986	1	98650.4
987	1	21327.1
988	1	30849.6
989	1	74286
990	1	-78090.8
991	1	70097.7
992	1	95666
993	1	52741.2
994	1	34212.1
995	1	-14716.6
996	1	77077.5
997	1	71413.6
998	1	30127.5
999	1	-71349.2
1000	1	-58708.4
1001	1	19722.6
1002	1	-85516.3
1003	1	-86229.5
1004	1	-11307.6
1005	1	-99343.9
1006	1	98788.5
1007	1	69437.7
1008	1	88926.2
1009	1	-37219.7
1010	1	-35555
1011	1	94916.4
1012	1	20939.2
1013	1	25757.1
1014	1	-48511.6
1015	1	10709.6
1016	1	-42611.3
1017	1	23782.6
1018	1	84196.8
1019	1	71092.4
1020	1	-74644.8
1021	1	-54872.6
1022	1	14924.5
1023	1	50512.5
1024	1	63065.2
1025	1	25817.8
1026	1	-84099
1027	1	-96753.3
1028	1	-40764.6
1029	1	-18248.9
1030	1	-36662.8
1031	1	-69033.3
1032	1	901.004
1033	1	9773.41
1034	1	-44562.2
1035	1	90690.9
1036	1	26188.1
1037	1	-42322.7
1038	1	33047.2
1039	1	50482.3
1040	1	77915.6
1041	1	4488.61
1042	1	83094.8
1043	1	-19133.5
1044	1	-23007.1
1045	1	56902.1
1046	1	-33913.9
1047	1	91634.6
1048	1	-95034.2
1049	1	-85837.4
1050	1	-93747.3
1051	1	48787.2
1052	1	-92318
1053	1	14723.8
1054	1	-16564.6
1055	1	48736.3
1056	1	80781.8
1057	1	-87497.7
1058	1	-98495.4
1059	1	65611.8
1060	1	-86723.3
1061	1	-36330.3
1062	1	-23834.7
1063	1	-38572.7
1064	1	26711.3
1065	1	84695.2
1066	1	86286.8
1067	1	-55763.3
1068	1	-32336.7
1069	1	-33681.2
1070	1	24836
1071	1	-35758.8
1072	1	63135.1
1073	1	-81187
1074	1	-35885.3
1075	1	-84327.9
1076	1	55476.7
1077	1	51807.8
1078	1	21569.2
1079	1	-53206.9
1080	1	-79411.5
1081	1	84193.1
1082	1	-82766.9
1083	1	-23364
1084	1	56017.7
1085	1	-24577.6
1086	1	-11054.6
1087	1	95336.8
1088	1	-76032.2
1089	1	27959.2
1090	1	-20643.8
1091	1	-98972.1
1092	1	48151.2
1093	1	73978.2
1094	1	-55844.1
1095	1	39525.6
1096	1	55760.3
1097	1	-13500
1098	1	-39160.5
1099	1	58156.3
1100	1	70611.9
1101	1	-68069.5
1102	1	-84830.1
1103	1	394.721
1104	1	64871.2
1105	1	99910.6
1106	1	31177.2
1107	1	-67592
1108	1	-13047.1
1109	1	-53624.8
1110	1	67733.2
1111	1	85717.7
1112	1	-4936.9
1113	1	-69583.1
1114	1	-62588.7
1115	1	38929.6
1116	1	-9992.7
1117	1	-99412.5
1118	1	-97817.8
1119	1	-5706.24
1120	1	-13783.2
1121	1	-957.533
1122	1	84174.4
1123	1	-13695.6
1124	1	70143.7
1125	1	-90090.9
1126	1	84935.7
1127	1	-96203
1128	1	-74442.9
1129	1	26923.6
1130	1	5911.17
1131	1	79983.8
1132	1	87555.8
1133	1	17565.8
1134	1	60761.5
1135	1	-26783.3
1136	1	-52911.4
1137	1	14301.5
1138	1	37465.7
1139	1	-72586.7
1140	1	-45096.7
1141	1	-45142.7
1142	1	79456.1
1143	1	89992.3
1144	1	15035
1145	1	-58405.7
1146	1	-26723.9
1147	1	31043.5
1148	1	98649.3
1149	1	-23054.6
1150	1	25884.9
1151	1	67945.6
1152	1	13156.3
1153	1	-77607
1154	1	-48541.1
1155	1	-48694
1156	1	-62713.7
1157	1	-42682.4
1158	1	31157
1159	1	81841.3
1160	1	-69532
1161	1	-97662.2
1162	1	68281.7
1163	1	-27497.3
1164	1	-80903
1165	1	12911.4
1166	1	-54622.9
1167	1	-99200.3
1168	1	-72076
1169	1	1999.35
1170	1	-64102
1171	1	94727.5
1172	1	-50553.5
1173	1	26507.1
1174	1	-94259.2
1175	1	-99012.8
1176	1	-90513.8
1177	1	61543.1
1178	1	-56589.2
1179	1	-31795.5
1180	1	28115
1181	1	67720.1
1182	1	-47706.7
1183	1	99910.5
1184	1	69943.3
1185	1	-40925.6
1186	1	-67893.2
1187	1	57674.2
1188	1	-91098.7
1189	1	-19531.9
1190	1	60990.7
1191	1	91778.7
1192	1	89147.4
1193	1	83507.8
1194	1	93256.6
1195	1	-51426.1
1196	1	16410.1
1197	1	15786.9
1198	1	40398.1
1199	1	-59983.6
1200	1	89793.4
1201	1	66740.2
1202	1	66935
1203	1	-87629.9
1204	1	-92198.5
1205	1	-7533.45
1206	1	17748
1207	1	-16451.7
1208	1	-51647.2
1209	1	70845.4
1210	1	7957.84
1211	1	83627.8
1212	1	-8412.68
1213	1	44528.7
1214	1	65930.4
1215	1	94977.3
1216	1	-51359.8
1217	1	97651.3
1218	1	-47107.8
1219	1	94961.8
1220	1	39859.6
1221	1	88136.8
1222	1	52991.9
1223	1	3204.76
1224	1	-79728
1225	1	25642.8
1226	1	-49177.4
1227	1	-33857.8
1228	1	-77737.2
1229	1	-15740.8
1230	1	44782.2
1231	1	-95643.5
1232	1	30482.5
1233	1	98777.2
1234	1	-45636.9
1235	1	-4954.14
1236	1	30321.8
1237	1	-73578.9
1238	1	64952
1239	1	53313.6
1240	1	58142.8
1241	1	-44050.9
1242	1	28320
1243	1	-63804.4
1244	1	25838.4
1245	1	-82095.4
1246	1	-90363.2
1247	1	-93660
1248	1	-99621.4
1249	1	-87372.2
1250	1	38158.5
1251	1	-72840.8
1252	1	-30925.3
1253	1	-27187.1
1254	1	-55433.8
1255	1	89755.4
1256	1	-26847.1
1257	1	-70983.3
1258	1	-93441.3
1259	1	1682.29
1260	1	79661.3
1261	1	77220.6
1262	1	-11291.7
1263	1	-49786.8
1264	1	12372.6
1265	1	-82243.1
1266	1	-73807.4
1267	1	24837.4
1268	1	80646.3
1269	1	-55767.9
1270	1	-35611.2
1271	1	-92214.1
1272	1	-31858.2
1273	1	-30563.8
1274	1	-78992.1
1275	1	-84032.1
1276	1	95543.4
1277	1	-85757.2
1278	1	-6459.05
1279	1	30007.7
1280	1	66176
1281	1	-69878.1
1282	1	-77784.5
1283	1	-158.78
1284	1	-2834.84
1285	1	-41961.5
1286	1	45556.3
1287	1	-67808.2
1288	1	80739.9
1289	1	98992.6
1290	1	-17349.7
1291	1	-69000.2
1292	1	-18260.4
1293	1	-96314.4
1294	1	-52401.6
1295	1	-14100.9
1296	1	-8462.56
1297	1	31428.2
1298	1	21142.2
1299	1	-22881.7
1300	1	-50903.8
1301	1	80777.5
1302	1	-83224
1303	1	-18550
1304	1	-30664.9
1305	1	35019.4
1306	1	30278.1
1307	1	-9435.56
1308	1	21957.8
1309	1	-70629.6
1310	1	-26299.1
1311	1	17137.6
1312	1	-19839.5
1313	1	-11739
1314	1	-50653.9
1315	1	-207.118
1316	1	-85163.2
1317	1	93999.4
1318	1	97921.1
1319	1	-55208.4
1320	1	-83128.1
1321	1	-58190.8
1322	1	77784.8
1323	1	-61702.7
1324	1	-36700.3
1325	1	-25098.9
1326	1	84020.9
1327	1	-92710.2
1328	1	84714.8
1329	1	-59043.9
1330	1	-30210.6
1331	1	28537.6
1332	1	-86317.2
1333	1	80506.4
1334	1	-71841.3
1335	1	85628.3
1336	1	-6183.72
1337	1	-38773.6
1338	1	27372.2
1339	1	-37502.7
1340	1	-91588.7
1341	1	77594.4
1342	1	39265.8
1343	1	39857.8
1344	1	-19775.2
1345	1	-10030
1346	1	74239.8
1347	1	-25560
1348	1	-67885.1
1349	1	-78398.4
1350	1	-76374.4
1351	1	73607
1352	1	-7541.65
1353	1	67398.6
1354	1	-55720.4
1355	1	-13561.1
1356	1	82142.8
1357	1	-72113
1358	1	-61823.1
1359	1	-66793.8
1360	1	-95916.5
1361	1	-13730.4
1362	1	-33388.7
1363	1	-93765
1364	1	5453.62
1365	1	-91353
1366	1	-87588
1367	1	-65060.5
1368	1	-57416
1369	1	29982.3
1370	1	31226.7
1371	1	84035.2
1372	1	26019.8
1373	1	-96595.7
1374	1	-72686.6
1375	1	55050.5
1376	1	-40250
1377	1	5108.94
1378	1	1632.93
1379	1	64531.3
1380	1	-69267.9
1381	1	36398.3
1382	1	-58574.7
1383	1	86125.9
1384	1	22785.1
1385	1	-89643.4
1386	1	83482.5
1387	1	34223.9
1388	1	31005.9
1389	1	75251.3
1390	1	50388.4
1391	1	-57540.7
1392	1	-17292
1393	1	54176.4
1394	1	9220.78
1395	1	59463.4
1396	1	-63246.3
1397	1	-3619.87
1398	1	26236.2
1399	1	72363
1400	1	6246.16
1401	1	-6841.78
1402	1	-22047.3
1403	1	40408.3
1404	1	92822.9
1405	1	-93991.2
1406	1	39914.4
1407	1	78638.4
1408	1	-51313.1
1409	1	-35779
1410	1	-39928.5
1411	1	-26604.8
1412	1	90360
1413	1	15429.7
1414	1	-97287.2
1415	1	22009.2
1416	1	-70451.2
1417	1	79318.8
1418	1	-75504.8
1419	1	-83632.8
1420	1	-53495.7
1421	1	97716.7
1422	1	68099.7
1423	1	14325.8
1424	1	19154
1425	1	5919.33
1426	1	-8298.93
1427	1	-83907.9
1428	1	99897.6
1429	1	-10352.3
1430	1	-37423.6
1431	1	-10000.2
1432	1	-113.482
1433	1	81199.8
1434	1	-84834.2
1435	1	85094.6
1436	1	-90003.1
1437	1	83913
1438	1	-33299.3
1439	1	-90703
1440	1	14224.6
1441	1	6356.56
1442	1	71419.6
1443	1	-42709.9
1444	1	58975.6
1445	1	-78106.9
1446	1	-44173.3
1447	1	80586.3
1448	1	26121.7
1449	1	-44711.5
1450	1	43463.5
1451	1	9117.43
1452	1	98651.7
1453	1	66290.7
1454	1	-89447.3
1455	1	79392.1
1456	1	-11218.7
1457	1	15427.3
1458	1	64268
1459	1	-66907.5
1460	1	-10386.1
1461	1	-95489.8
1462	1	-75679.4
1463	1	74043.4
1464	1	-79734.4
1465	1	-76141.3
1466	1	-41625.3
1467	1	55080.5
1468	1	-71842.1
1469	1	-6329.15
1470	1	-65294.2
1471	1	84045.3
1472	1	27365.6
1473	1	-91076.1
1474	1	-90045
1475	1	-93284.7
1476	1	-15230.1
1477	1	8766.29
1478	1	-89736.6
1479	1	-35240
1480	1	-90782.8
1481	1	77562.3
1482	1	-54034.1
1483	1	-5194.74
1484	1	95110.5
1485	1	-48772.5
1486	1	-72414.1
1487	1	11644.7
1488	1	-49783.4
1489	1	-18362.4
1490	1	-9101.79
1491	1	-60132.7
1492	1	-88286.4
1493	1	-25814.5
1494	1	27417
1495	1	-30553.1
1496	1	-32799.1
1497	1	11122.4
1498	1	-38592
1499	1	-94615.9
1500	1	12830.9
1501	1	-51685.8
1502	1	-32479.5
1503	1	-30704.2
1504	1	-10949.5
1505	1	50701.2
1506	1	39156.5
1507	1	-89263.8
1508	1	98531
1509	1	64122
1510	1	-56564.2
1511	1	45183.2
1512	1	-77168.3
1513	1	-65324.2
1514	1	2572.26
1515	1	45753.8
1516	1	79002.9
1517	1	-19227.3
1518	1	38077.7
1519	1	36651.7
1520	1	-79020.8
1521	1	-70099.6
1522	1	-16268.6
1523	1	-27706.7
1524	1	-56683.9
1525	1	-68105.4
1526	1	-4025.46
1527	1	91700
1528	1	-30498.2
1529	1	-38564.2
1530	1	-54890.5
1531	1	-57255.9
1532	1	84593.2
1533	1	60890.6
1534	1	28761.9
1535	1	-774.998
1536	1	35057.5
1537	1	-7677.08
1538	1	58368.7
1539	1	-34432.5
1540	1	28071.5
1541	1	16801.3
1542	1	-63349
1543	1	75041.1
1544	1	91190.9
1545	1	35150
1546	1	4830.13
1547	1	-64880.3
1548	1	79971
1549	1	18086.8
1550	1	-51999.6
1551	1	-77292.6
1552	1	11062.5
1553	1	97113.4
1554	1	-45874.5
1555	1	37349.2
1556	1	-72778
1557	1	-5591.97
1558	1	-83090.9
1559	1	67631.7
1560	1	-31736.9
1561	1	68383.8
1562	1	-17430.1
1563	1	72277.4
1564	1	22344.1
1565	1	-82855.2
1566	1	-14375
1567	1	30121.3
1568	1	84915
1569	1	-88495.7
1570	1	-80988.8
1571	1	-64386.9
1572	1	-20656.8
1573	1	-50474.4
1574	1	-98006.1
1575	1	-11514.7
1576	1	35023.5
1577	1	-21422.2
1578	1	-96818.9
1579	1	-31106.2
1580	1	16109.7
1581	1	-74074.3
1582	1	-94839
1583	1	86721.8
1584	1	-48050.1
1585	1	-10908.8
1586	1	-90308.6
1587	1	-16397.3
1588	1	73824.6
1589	1	-65884.3
1590	1	47666.1
1591	1	76500.6
1592	1	-26681.7
1593	1	29771.8
1594	1	80753.6
1595	1	71917.2
1596	1	67136.6
1597	1	-22351.2
1598	1	77464.2
1599	1	-57519.6
1600	1	-16029.3
1601	1	-76209.9
1602	1	83510.5
1603	1	-83061.2
1604	1	63708.7
1605	1	56920.8
1606	1	75118.2
1607	1	14956
1608	1	-85471
1609	1	-99255.9
1610	1	73194.7
1611	1	45501.6
1612	1	-56024.3
1613	1	91800
1614	1	36430.4
1615	1	-64412.6
1616	1	-38923.9
1617	1	-40165.6
1618	1	52669
1619	1	-82724.8
1620	1	-64723.2
1621	1	32480
1622	1	41975.9
1623	1	-97243.9
1624	1	-23908.7
1625	1	71818.7
1626	1	-3923.23
1627	1	60639
1628	1	-96920.7
1629	1	91210.1
1630	1	-43232.3
1631	1	-90289.1
1632	1	94957.5
1633	1	-88830.6
1634	1	-67567.8
1635	1	13416.8
1636	1	-58745.2
1637	1	-57461.3
1638	1	48913.5
1639	1	88773
1640	1	4971.88
1641	1	51110.6
1642	1	-42838.4
1643	1	-7278.22
1644	1	35192.8
1645	1	-26390.8
1646	1	-66493.5
1647	1	-28703
1648	1	38179.9
1649	1	-88715.5
1650	1	72288
1651	1	71121.8
1652	1	7225.6
1653	1	-31522.1
1654	1	-2176.5
1655	1	-88329
1656	1	-56275.9
1657	1	-76255.7
1658	1	-78354.7
1659	1	-83420.1
1660	1	-68903.6
1661	1	-60365.4
1662	1	67143.4
1663	1	-5021.61
1664	1	13855.1
1665	1	-62582.9
1666	1	90279.5
1667	1	83554.2
1668	1	-10487.8
1669	1	6241.16
1670	1	-80566.8
1671	1	85532.1
1672	1	-67922.5
1673	1	-78872.9
1674	1	16112.2
1675	1	-72824.5
1676	1	-83743.2
1677	1	-27314.1
1678	1	48426.4
1679	1	-33090.1
1680	1	-38857.1
1681	1	-69950.8
1682	1	-58032.6
1683	1	-71832.7
1684	1	10746.8
1685	1	67248.4
1686	1	-124.945
1687	1	65928.8
1688	1	31132.6
1689	1	54038.5
1690	1	-64585.3
1691	1	55416.1
1692	1	4484.76
1693	1	7288.38
1694	1	14880.6
1695	1	79728.9
1696	1	-90373.4
1697	1	-40607.5
1698	1	96155.4
1699	1	-15965
1700	1	-15416.1
1701	1	-90455.1
1702	1	-40775.8
1703	1	-60878.4
1704	1	10976.7
1705	1	-69060
1706	1	88468.4
1707	1	-6032.62
1708	1	52810.8
1709	1	-75961.7
1710	1	-76853.8
1711	1	51961.6
1712	1	40160.8
1713	1	-14122.6
1714	1	81250.6
1715	1	-79879.4
1716	1	-45790.6
1717	1	-80486.7
1718	1	52897.1
1719	1	48887.1
1720	1	41180.9
1721	1	-95063.3
1722	1	97115.2
1723	1	-82688.6
1724	1	21221.4
1725	1	-88787.6
1726	1	-18804.7
1727	1	-50005.1
1728	1	-41967.4
1729	1	-21614.3
1730	1	-16368.1
1731	1	-60206.5
1732	1	51561.2
1733	1	30939
1734	1	-77831.4
1735	1	38439.9
1736	1	61805
1737	1	78930
1738	1	95253.9
1739	1	54645.7
1740	1	59029.5
1741	1	88690.4
1742	1	-13165
1743	1	-90342.7
1744	1	87047
1745	1	-98799
1746	1	-82681.6
1747	1	82304.8
1748	1	-4239.76
1749	1	-42611.7
1750	1	99828.6
1751	1	84628.1
1752	1	84598
1753	1	-32895
1754	1	-73864.2
1755	1	42043.8
1756	1	25769
1757	1	-14568
1758	1	-88446.8
1759	1	-72144.4
1760	1	46750.2
1761	1	-19712.6
1762	1	94004.9
1763	1	63097.8
1764	1	44497.7
1765	1	-13925
1766	1	79060.2
1767	1	-13292.2
1768	1	-61750.8
1769	1	16984.8
1770	1	-42852
1771	1	54246.7
1772	1	-4462.27
1773	1	51416.6
1774	1	-99569
1775	1	-21492.1
1776	1	-11714.2
1777	1	23019.2
1778	1	-93304.5
1779	1	-31071.4
1780	1	60752.3
1781	1	-74943.7
1782	1	-74272.8
1783	1	79718.8
1784	1	50211.9
1785	1	-73135.5
1786	1	-31950.6
1787	1	-77662.7
1788	1	-8461.71
1789	1	47560.2
1790	1	-3393.99
1791	1	-4462.34
1792	1	-31947.8
1793	1	84409.7
1794	1	75654.6
1795	1	-55420.6
1796	1	-11631.5
1797	1	-98199.9
1798	1	66347.4
1799	1	-26194.1
1800	1	-54859
1801	1	-14932.4
1802	1	76414.4
1803	1	9389.85
1804	1	18863.3
1805	1	-62136.3
1806	1	15747.2
1807	1	75367.2
1808	1	-76802.9
1809	1	-32216.7
1810	1	-32330.2
1811	1	-31452.5
1812	1	-18239.7
1813	1	34889.1
1814	1	-34360
1815	1	-74634.5
1816	1	88892.2
1817	1	-22024.3
1818	1	45130.4
1819	1	27157.1
1820	1	-63939.6
1821	1	-55669.8
1822	1	63302.7
1823	1	22368.5
1824	1	-61114.9
1825	1	60997.7
1826	1	-23240.5
1827	1	85406.4
1828	1	-10670.8
1829	1	-70999.5
1830	1	-33018.2
1831	1	-70024.3
1832	1	-78236.8
1833	1	11326.7
1834	1	49719
1835	1	7881.08
1836	1	24018.1
1837	1	-83972
1838	1	-48831.3
1839	1	-51984.1
1840	1	4188.18
1841	1	78698.8
1842	1	-11478.4
1843	1	5213.61
1844	1	-53701.6
1845	1	67799.6
1846	1	34904.8
1847	1	-78371.1
1848	1	-10452.6
1849	1	44860.1
1850	1	92523.4
1851	1	-2064.06
1852	1	-32960.9
1853	1	24332.7
1854	1	32323.5
1855	1	35905.6
1856	1	66434.5
1857	1	98089.8
1858	1	-81536
1859	1	69485.3
1860	1	72540.6
1861	1	-78598.4
1862	1	-84743.8
1863	1	28536.1
1864	1	-4669.84
1865	1	6755.64
1866	1	75666.2
1867	1	58684.3
1868	1	-91709.9
1869	1	-79840.6
1870	1	85935.2
1871	1	36043.6
1872	1	-62802.4
1873	1	-82890.5
1874	1	82985.4
1875	1	25760.5
1876	1	21448.1
1877	1	-46075.1
1878	1	46947.6
1879	1	51078.5
1880	1	96192.4
1881	1	-82801.5
1882	1	-10346.9
1883	1	-23305.2
1884	1	31333.5
1885	1	93749.9
1886	1	-82043.5
1887	1	50123
1888	1	94177.6
1889	1	-47922.3
1890	1	-71458.4
1891	1	62086.7
1892	1	41127.2
1893	1	-13520.3
1894	1	-44717.7
1895	1	57856.2
1896	1	-89632.9
1897	1	65577.8
1898	1	-89483.6
1899	1	-3347.58
1900	1	-87220.9
1901	1	-56890.2
1902	1	-93645.6
1903	1	-5287.27
1904	1	-83663.1
1905	1	-25007.9
1906	1	60085.9
1907	1	-11087.9
1908	1	-90786.7
1909	1	33461.5
1910	1	-2616.3
1911	1	81799.4
1912	1	41923
1913	1	84698.6
1914	1	-90119.1
1915	1	96266
1916	1	-49091.3
1917	1	-68702.3
1918	1	86158.9
1919	1	-92621.8
1920	1	-3083.77
1921	1	-31809.3
1922	1	-63554.7
1923	1	45337
1924	1	31602.8
1925	1	-86122.8
1926	1	84699.5
1927	1	78287.1
1928	1	79375.6
1929	1	92295.9
1930	1	-97039
1931	1	3955.36
1932	1	23798.3
1933	1	23742.9
1934	1	-84811.7
1935	1	-35437.2
1936	1	-69719.4
1937	1	79983.1
1938	1	-16074.5
1939	1	81437.4
1940	1	-2664.96
1941	1	92624.1
1942	1	-74606.8
1943	1	55801.8
1944	1	-92835.1
1945	1	-59946.9
1946	1	98843
1947	1	-16486
1948	1	-59293
1949	1	50118.9
1950	1	-66813.8
1951	1	-77835
1952	1	64823
1953	1	40254.5
1954	1	62155.1
1955	1	-20548.9
1956	1	-81313.3
1957	1	7513.95
1958	1	51037.4
1959	1	-15552.8
1960	1	6583.22
1961	1	2161.65
1962	1	-4875.13
1963	1	12829.1
1964	1	-22964.4
1965	1	-46953.7
1966	1	-7682.43
1967	1	99564.4
1968	1	-87316.4
1969	1	-10272.4
1970	1	31419.2
1971	1	2351.39
1972	1	41636.4
1973	1	2832.42
1974	1	38780.9
1975	1	-26846.9
1976	1	86881.9
1977	1	-39866.7
1978	1	90388.4
1979	1	51955.3
1980	1	-83903.3
1981	1	25234.7
1982	1	-79701.9
1983	1	7815.38
1984	1	74513.8
1985	1	-9477.56
1986	1	64462.3
1987	1	90663
1988	1	-46189.2
1989	1	99311.9
1990	1	-43884.3
1991	1	6388.03
1992	1	-96952.2
1993	1	-23119.5
1994	1	-84701.5
1995	1	11408.4
1996	1	27983.2
1997	1	-14282.6
1998	1	68486.7
1999	1	-42065.3
2000	1	41167.4
2001	1	72901.7
2002	1	-37157.5
2003	1	-60660.9
2004	1	-70350.3
2005	1	-60979.5
2006	1	69871.4
2007	1	31461.6
2008	1	26245.2
2009	1	-32747.2
2010	1	-12336.1
2011	1	-19244.2
2012	1	32715.3
2013	1	-33441.8
2014	1	2328.54
2015	1	-31242
2016	1	25642.4
2017	1	934.51
2018	1	-81558.4
2019	1	-87464.6
2020	1	8652.08
2021	1	-41113.8
2022	1	-96296.3
2023	1	-71124.1
2024	1	-79395
2025	1	-2212.94
2026	1	-38465.7
2027	1	-31611
2028	1	-94382.6
2029	1	88439.4
2030	1	-50407.4
2031	1	-6062.81
2032	1	-86541.5
2033	1	-43308.8
2034	1	-84870
2035	1	-75747.4
2036	1	-96966.9
2037	1	-1460.84
2038	1	96526.2
2039	1	24368
2040	1	10141.5
2041	1	10153.7
2042	1	32639.7
2043	1	63858.7
2044	1	-72275.8
2045	1	-24050.6
2046	1	-30488.2
2047	1	46916
2048	1	39393.2
2049	1	89317.8
2050	1	68555
2051	1	21800
2052	1	-60191.6
2053	1	-4530.09
2054	1	56865.6
2055	1	24480.3
2056	1	84653.8
2057	1	82176.7
2058	1	34845.3
2059	1	80698.7
2060	1	-85296.2
2061	1	27334.6
2062	1	-19121.8
2063	1	66330.3
2064	1	-9758.24
2065	1	-25162.1
2066	1	15271.8
2067	1	7649.84
2068	1	-856.244
2069	1	34758.8
2070	1	97170.7
2071	1	26988
2072	1	10224.6
2073	1	-84915.6
2074	1	-64637.7
2075	1	-71639.7
2076	1	-53793.2
2077	1	15728.2
2078	1	-86463.1
2079	1	-46816.5
2080	1	93634.2
2081	1	-2260.55
2082	1	-30347.1
2083	1	-26161.8
2084	1	-29758.8
2085	1	-36576.2
2086	1	-29440.6
2087	1	-84534.3
2088	1	-54870.1
2089	1	-96536.6
2090	1	-86867.6
2091	1	53937.4
2092	1	-88318.3
2093	1	-54889
2094	1	-44554.2
2095	1	-83230.8
2096	1	-11659.2
2097	1	-51883.5
2098	1	-7627.26
2099	1	32071.8
2100	1	84531.1
2101	1	27878.4
2102	1	41592.2
2103	1	45800.9
2104	1	-39254.5
2105	1	29875.2
2106	1	92377.2
2107	1	86087.7
2108	1	-1882.6
2109	1	-36932.1
2110	1	-55121.9
2111	1	-40566
2112	1	-78142.3
2113	1	57595.2
2114	1	49849.6
2115	1	69165.4
2116	1	71551.6
2117	1	94078
2118	1	-892.603
2119	1	-44311.8
2120	1	76179.2
2121	1	-72335.4
2122	1	-97870.3
2123	1	-25458.4
2124	1	-60233.9
2125	1	-48918.9
2126	1	-44995.5
2127	1	-15333
2128	1	28639.7
2129	1	-62204.2
2130	1	58090
2131	1	-64839
2132	1	19403.3
2133	1	75228
2134	1	16955.5
2135	1	-80327.1
2136	1	-59684.2
2137	1	-94180.7
2138	1	35367.2
2139	1	-99917.5
2140	1	10246.7
2141	1	-53829.4
2142	1	-7910.28
2143	1	86318.7
2144	1	-46153.8
2145	1	-69914.4
2146	1	-32581
2147	1	-79408.5
2148	1	12417.6
2149	1	51288.6
2150	1	70878.3
2151	1	-502.86
2152	1	31427.2
2153	1	64362.3
2154	1	17991.9
2155	1	75114.6
2156	1	-45893.8
2157	1	86564.7
2158	1	-90655.6
2159	1	-43328.5
2160	1	-56796.1
2161	1	-43950.2
2162	1	62488.7
2163	1	-79391.8
2164	1	35316
2165	1	-73988.3
2166	1	-73681.1
2167	1	-22574.4
2168	1	-28511.3
2169	1	33758.2
2170	1	77993.2
2171	1	76487
2172	1	-30594.5
2173	1	-78159.5
2174	1	9867.8
2175	1	75051
2176	1	-36932.6
2177	1	90255.6
2178	1	-59907.5
2179	1	78241
2180	1	-43514.9
2181	1	-6134.57
2182	1	82718.2
2183	1	55494.8
2184	1	35307.8
2185	1	-31703.3
2186	1	41423.1
2187	1	-67147.7
2188	1	51104.6
2189	1	15559.7
2190	1	-65403.7
2191	1	-68474.6
2192	1	-52184.2
2193	1	-33759.4
2194	1	29671.1
2195	1	34659.9
2196	1	-14950.4
2197	1	-62087.3
2198	1	-4184.04
2199	1	12945.2
2200	1	-65212.3
2201	1	85046.4
2202	1	-44062.9
2203	1	35411.6
2204	1	-66686.4
2205	1	-69256.3
2206	1	89221.6
2207	1	-65096.7
2208	1	93727.3
2209	1	-75518.3
2210	1	-72557.1
2211	1	-76624.5
2212	1	84445.9
2213	1	38055.9
2214	1	-3183.78
2215	1	81932.3
2216	1	71118.4
2217	1	-16316.1
2218	1	4060.44
2219	1	5592.65
2220	1	-90601.8
2221	1	-38876.8
2222	1	-26726.2
2223	1	61869.6
2224	1	29624.3
2225	1	86932
2226	1	66077.8
2227	1	-32819.5
2228	1	-41256
2229	1	-26962.1
2230	1	-75775.7
2231	1	12784.6
2232	1	29096
2233	1	21808.3
2234	1	95108.2
2235	1	46858.5
2236	1	29335
2237	1	-68091.6
2238	1	76213.6
2239	1	-23242.8
2240	1	-47581.9
2241	1	57752.9
2242	1	17758.3
2243	1	-30393.6
2244	1	-51497.4
2245	1	10029.3
2246	1	-49859.9
2247	1	4962.62
2248	1	36884.9
2249	1	-81897.4
2250	1	-96498.4
2251	1	-46337.5
2252	1	40362.4
2253	1	-75767.2
2254	1	-57986.1
2255	1	-14850.1
2256	1	-52790
2257	1	23535.8
2258	1	67901.9
2259	1	-95971.1
2260	1	62422.3
2261	1	-57801.7
2262	1	-50302.6
2263	1	73331.4
2264	1	-90287.7
2265	1	55143
2266	1	-49744.3
2267	1	-71415
2268	1	-81634.4
2269	1	-69529.5
2270	1	92728.2
2271	1	-77359.7
2272	1	-25376
2273	1	-63977.1
2274	1	87783
2275	1	15918.5
2276	1	49620
2277	1	50721.6
2278	1	-85984.1
2279	1	55893.6
2280	1	37724
2281	1	-87143.3
2282	1	85220.9
2283	1	92746.2
2284	1	-68939.8
2285	1	-29894.7
2286	1	95844.3
2287	1	-48936.5
2288	1	-47336.6
2289	1	79275.1
2290	1	34096.1
2291	1	77538.2
2292	1	-73053.7
2293	1	9538.29
2294	1	-42718.3
2295	1	14458.7
2296	1	35612.6
2297	1	50164.8
2298	1	49123
2299	1	69218.9
2300	1	-39555
2301	1	5702.45
2302	1	17393.4
2303	1	26064.8
2304	1	47201.1
2305	1	52361.2
2306	1	-21963.4
2307	1	-1558.88
2308	1	75626.4
2309	1	68580
2310	1	-2025.34
2311	1	33192.2
2312	1	11582.9
2313	1	74071.1
2314	1	-67092.6
2315	1	-7053.64
2316	1	-54298.8
2317	1	88912.1
2318	1	-92571.3
2319	1	-43578.8
2320	1	-41019.9
2321	1	66244.5
2322	1	-65843.4
2323	1	-50525
2324	1	73912.3
2325	1	35750.6
2326	1	-6696.75
2327	1	29310.3
2328	1	29782.5
2329	1	-95851.9
2330	1	46583
2331	1	48273.7
2332	1	-28982.4
2333	1	-16773.6
2334	1	54322.6
2335	1	-98861
2336	1	86028.3
2337	1	-21294.9
2338	1	13801
2339	1	-80510.2
2340	1	83167
2341	1	21694.7
2342	1	76112.9
2343	1	87445.3
2344	1	1162.08
2345	1	35470.1
2346	1	36216.4
2347	1	36594.3
2348	1	213.282
2349	1	-85802.1
2350	1	58081.9
2351	1	52555
2352	1	41199.3
2353	1	92765.4
2354	1	92059.8
2355	1	33783.3
2356	1	68224.8
2357	1	55102.6
2358	1	2294.09
2359	1	-28837.3
2360	1	6746.54
2361	1	43843.5
2362	1	-71717.3
2363	1	1454.21
2364	1	-32208.8
2365	1	21834.3
2366	1	27241.2
2367	1	-30424.4
2368	1	-96352.7
2369	1	-43549.9
2370	1	-90016.7
2371	1	-35458.4
2372	1	-69684.7
2373	1	28794
2374	1	638.422
2375	1	50003.6
2376	1	35719.6
2377	1	20457.4
2378	1	64429.6
2379	1	-84599.3
2380	1	48376.8
2381	1	-40534.9
2382	1	-75775.5
2383	1	-76547
2384	1	74371.7
2385	1	771.349
2386	1	-25379.9
2387	1	-9022.22
2388	1	-20175.3
2389	1	18351.8
2390	1	-46483.8
2391	1	55355
2392	1	44327.8
2393	1	-47702.3
2394	1	58809.8
2395	1	95194.2
2396	1	-29338.5
2397	1	-20424.7
2398	1	44242.9
2399	1	-23074.9
2400	1	34072.9
2401	1	49046.6
2402	1	59908.7
2403	1	13349.7
2404	1	42470.4
2405	1	81523.3
2406	1	-474.035
2407	1	56662
2408	1	-55793.3
2409	1	47194.3
2410	1	77254.6
2411	1	25661.2
2412	1	14154
2413	1	-478.609
2414	1	-78145.9
2415	1	-22529.4
2416	1	-81013.6
2417	1	-43601.6
2418	1	-36471.5
2419	1	4882.01
2420	1	-21635.3
2421	1	82742
2422	1	-54301.6
2423	1	-57044.8
2424	1	-92651
2425	1	-43692.7
2426	1	88826.7
2427	1	53378.8
2428	1	-48452.4
2429	1	-32652.2
2430	1	-60772.6
2431	1	30635.3
2432	1	18524.2
2433	1	76907.6
2434	1	87853.4
2435	1	-17871.6
2436	1	-30036.2
2437	1	-60223.2
2438	1	56823.4
2439	1	71999.6
2440	1	12499.6
2441	1	-91311.9
2442	1	28701.9
2443	1	69789.6
2444	1	18864.5
2445	1	69366
2446	1	4130.37
2447	1	-90728.4
2448	1	-94822.4
2449	1	-13022.4
2450	1	-36737.9
2451	1	93154.6
2452	1	-2195.46
2453	1	9277.44
2454	1	15725.2
2455	1	-98624.6
2456	1	-1194.27
2457	1	10925
2458	1	-74242.9
2459	1	3807.91
2460	1	64707.1
2461	1	-69584.5
2462	1	59294.7
2463	1	37701.4
2464	1	-1932.37
2465	1	24720.5
2466	1	-34708.6
2467	1	70671.7
2468	1	52134.6
2469	1	90674
2470	1	-29509.8
2471	1	91766.8
2472	1	-94175.7
2473	1	-76450.4
2474	1	-12890.8
2475	1	13007.1
2476	1	95577.6
2477	1	56320.4
2478	1	-37385.6
2479	1	-63122.5
2480	1	95967.4
2481	1	-82694.8
2482	1	80799.4
2483	1	-42069.5
2484	1	60457.2
2485	1	-41446
2486	1	-57744.1
2487	1	10538.2
2488	1	36481.7
2489	1	95610.8
2490	1	-4888.83
2491	1	83993.9
2492	1	-51361.6
2493	1	71770.5
2494	1	41419.9
2495	1	-8793.98
2496	1	-15085.1
2497	1	-29710.3
2498	1	22894.8
2499	1	-88528.3
2500	1	-12499.4
2501	1	-48402.4
2502	1	35894.1
2503	1	-2267.49
2504	1	30091
2505	1	-84751.4
2506	1	2996.42
2507	1	68119.6
2508	1	94626
2509	1	-90852.8
2510	1	46596.3
2511	1	-27337.5
2512	1	-19498.3
2513	1	58957.1
2514	1	-39898.1
2515	1	-97282.1
2516	1	67306.3
2517	1	42463.3
2518	1	-89830
2519	1	-34504.4
2520	1	-8273.78
2521	1	-71550.1
2522	1	29270.5
2523	1	27672.4
2524	1	-56529.2
2525	1	26907.7
2526	1	17088.3
2527	1	98016.7
2528	1	-77559.8
2529	1	84049.2
2530	1	-50120
2531	1	-5252.78
2532	1	-98264.9
2533	1	-21326.6
2534	1	-35112.7
2535	1	78196.7
2536	1	-64611.2
2537	1	41587.1
2538	1	63048.4
2539	1	48684.3
2540	1	48140.7
2541	1	64645.7
2542	1	-13436.8
2543	1	56566
2544	1	-35603.5
2545	1	28751.4
2546	1	61454.9
2547	1	-52216.5
2548	1	-19190.1
2549	1	65804.6
2550	1	33331.6
2551	1	-70452
2552	1	32196.8
2553	1	-1087.19
2554	1	-48033.1
2555	1	97277.9
2556	1	-27266.2
2557	1	59509.5
2558	1	-59190.6
2559	1	-47445.6
2560	1	72549.8
2561	1	-73967.5
2562	1	-39480.4
2563	1	8521.29
2564	1	19.8044
2565	1	98562
2566	1	34736.4
2567	1	-98889
2568	1	9565.03
2569	1	-20352.5
2570	1	-21828.5
2571	1	57791.7
2572	1	11372.8
2573	1	61665.5
2574	1	-41118.3
2575	1	6990.04
2576	1	81483.2
2577	1	26175.1
2578	1	48465.3
2579	1	-71126.6
2580	1	33012.5
2581	1	-27137.5
2582	1	51348.9
2583	1	-70143.5
2584	1	-3357.92
2585	1	-93545.1
2586	1	-91131.2
2587	1	-98433.6
2588	1	-55902.6
2589	1	42991.6
2590	1	89161.3
2591	1	-72323
2592	1	20218
2593	1	63794.6
2594	1	-98635.5
2595	1	86435.9
2596	1	-80070.5
2597	1	82697.4
2598	1	97087.2
2599	1	23851.4
2600	1	37672.7
2601	1	19804.5
2602	1	-8876.68
2603	1	26702.8
2604	1	-10436.6
2605	1	87967.5
2606	1	-50876.7
2607	1	82261
2608	1	-32145.9
2609	1	18036.9
2610	1	-4696.35
2611	1	68392
2612	1	-90365.6
2613	1	-48638.4
2614	1	-57229.1
2615	1	16994
2616	1	-7026.47
2617	1	9366.56
2618	1	-56242.4
2619	1	-45802.5
2620	1	15836.8
2621	1	-27884.4
2622	1	82570.1
2623	1	41270.7
2624	1	-21408.1
2625	1	38572.8
2626	1	-6160.94
2627	1	57148
2628	1	-50612
2629	1	-6666.27
2630	1	1309.06
2631	1	-4914.83
2632	1	83580.2
2633	1	-80892
2634	1	-58684.4
2635	1	-76659.6
2636	1	91163.4
2637	1	95078.5
2638	1	41601
2639	1	-35627.9
2640	1	99231.3
2641	1	-36399
2642	1	26216.2
2643	1	76238.4
2644	1	45211.8
2645	1	-92146.6
2646	1	4242.61
2647	1	3729.76
2648	1	-28523.6
2649	1	47942.2
2650	1	-49741.6
2651	1	93316.2
2652	1	-53374.7
2653	1	3814.84
2654	1	69917.4
2655	1	39533.1
2656	1	-1244.37
2657	1	39118.8
2658	1	-55652.5
2659	1	-66556.7
2660	1	-87818.5
2661	1	-63720.7
2662	1	84849.1
2663	1	-97675.9
2664	1	-69998
2665	1	-16399.4
2666	1	22311.3
2667	1	40582.4
2668	1	-21814.2
2669	1	-458.851
2670	1	-59018.9
2671	1	59523.1
2672	1	73721
2673	1	-15466.7
2674	1	-18176.2
2675	1	-48187.9
2676	1	59814.3
2677	1	39323.8
2678	1	73088.9
2679	1	24063.1
2680	1	-1477.42
2681	1	-17674.7
2682	1	83136.2
2683	1	12085.3
2684	1	6209.76
2685	1	27662.1
2686	1	96609.9
2687	1	-58881.4
2688	1	-48817
2689	1	-8794.62
2690	1	-78443.1
2691	1	-51284.4
2692	1	34252.3
2693	1	14109.5
2694	1	-66566.3
2695	1	-5933.46
2696	1	-986.501
2697	1	-93533.6
2698	1	23907.4
2699	1	-78520.1
2700	1	-32134.2
2701	1	-58269.9
2702	1	11306.3
2703	1	3310.04
2704	1	10172.8
2705	1	98588.9
2706	1	-22713.2
2707	1	-51484.9
2708	1	61300
2709	1	53340.7
2710	1	85275.5
2711	1	-44978.6
2712	1	79912.3
2713	1	-38469.8
2714	1	70199.8
2715	1	30598.6
2716	1	-78351.4
2717	1	-22552
2718	1	11564.4
2719	1	54342.1
2720	1	-58517.8
2721	1	-95646.1
2722	1	79911.1
2723	1	4291.54
2724	1	50931.1
2725	1	28249.6
2726	1	-36800.1
2727	1	53448.4
2728	1	84028.4
2729	1	-93157.2
2730	1	-24630.8
2731	1	-15894.4
2732	1	37920.3
2733	1	81816.4
2734	1	43156.1
2735	1	-63496
2736	1	44006.9
2737	1	-18200.7
2738	1	9492.66
2739	1	26120.4
2740	1	-14524
2741	1	73195.6
2742	1	28787.4
2743	1	52137.5
2744	1	44889.7
2745	1	-31121.6
2746	1	16392.4
2747	1	-55231.5
2748	1	-42324.7
2749	1	26457.3
2750	1	72375.7
2751	1	-52012
2752	1	-32294.1
2753	1	77116.6
2754	1	47370.3
2755	1	25599.9
2756	1	-40583.2
2757	1	57771.1
2758	1	-70343.8
2759	1	10917.8
2760	1	93743.5
2761	1	53888.9
2762	1	-18434.5
2763	1	-34672.2
2764	1	17622.4
2765	1	-2191.76
2766	1	-1049.71
2767	1	-39671.2
2768	1	23402.9
2769	1	-98945.2
2770	1	38823.4
2771	1	55297.7
2772	1	95976.2
2773	1	-78026.3
2774	1	-45565.8
2775	1	-44276.2
2776	1	97275.3
2777	1	24239.9
2778	1	82604.9
2779	1	-81693.4
2780	1	9383.4
2781	1	15050.7
2782	1	77121.2
2783	1	1129.42
2784	1	40130.4
2785	1	34676.5
2786	1	-41222.9
2787	1	-77535.8
2788	1	-32188.3
2789	1	73049.2
2790	1	-61281.7
2791	1	-36402.5
2792	1	-93264
2793	1	71220.1
2794	1	64127
2795	1	3940.94
2796	1	83524.1
2797	1	92992.3
2798	1	-68513.9
2799	1	69834.9
2800	1	-2843.86
2801	1	780.304
2802	1	-57559.7
2803	1	15498.4
2804	1	4779.48
2805	1	88894.1
2806	1	45149.6
2807	1	18485.6
2808	1	-23646.4
2809	1	-87724.7
2810	1	-25338.7
2811	1	18109.9
2812	1	-88048.8
2813	1	-9186.77
2814	1	-66473.1
2815	1	28467.2
2816	1	-8972.84
2817	1	-2800.17
2818	1	37348.8
2819	1	-95304.6
2820	1	11851.8
2821	1	32603.8
2822	1	-75167.4
2823	1	-61424.2
2824	1	8529.69
2825	1	-12789
2826	1	-90752.3
2827	1	5578.07
2828	1	53701.3
2829	1	9411.12
2830	1	68040.8
2831	1	6298.34
2832	1	-5751.6
2833	1	2879.58
2834	1	-19639.6
2835	1	91940.9
2836	1	-96835.4
2837	1	7742.72
2838	1	54576.7
2839	1	-15564.8
2840	1	27054.1
2841	1	-36649.2
2842	1	-52093
2843	1	22999
2844	1	81988.7
2845	1	5169.99
2846	1	-83421.2
2847	1	-3485.3
2848	1	5008.53
2849	1	-3232.19
2850	1	59911.1
2851	1	-15328.3
2852	1	-379.914
2853	1	47634.2
2854	1	49029.5
2855	1	-61729.6
2856	1	-83312.7
2857	1	-47184.6
2858	1	18420.5
2859	1	-96885.8
2860	1	25473.5
2861	1	-51846.3
2862	1	10521.1
2863	1	64802.2
2864	1	14371.8
2865	1	-85380.5
2866	1	82869.7
2867	1	75600.4
2868	1	24497.2
2869	1	-81191.6
2870	1	-12307.2
2871	1	-27914.6
2872	1	95940.5
2873	1	57863.6
2874	1	80997
2875	1	-553.536
2876	1	43565.7
2877	1	-54884.4
2878	1	-50535.8
2879	1	-17712.9
2880	1	53346.9
2881	1	-90175.5
2882	1	51439.4
2883	1	-52702.8
2884	1	97321
2885	1	-75029.3
2886	1	-23570.3
2887	1	39161.4
2888	1	-5014.95
2889	1	-82323.3
2890	1	12891
2891	1	-38025.3
2892	1	-36768.2
2893	1	-14790.6
2894	1	35681
2895	1	-83632.9
2896	1	5391.1
2897	1	52282.7
2898	1	-43658.5
2899	1	-72864.2
2900	1	96161.7
2901	1	94043.3
2902	1	10888.1
2903	1	-60512.6
2904	1	2034.81
2905	1	-69822.9
2906	1	13418.9
2907	1	-14320.2
2908	1	-33630.9
2909	1	-15047
2910	1	28648.6
2911	1	-12960.9
2912	1	541.16
2913	1	27164
2914	1	88827.2
2915	1	-89256.6
2916	1	-27242.6
2917	1	92991.1
2918	1	-5490.19
2919	1	6284.3
2920	1	-25405.8
2921	1	-80597.9
2922	1	77505.7
2923	1	-20569.7
2924	1	28669
2925	1	-86698
2926	1	59117.6
2927	1	18568.9
2928	1	47225.8
2929	1	-72769.3
2930	1	91320.3
2931	1	92593.1
2932	1	-21632.1
2933	1	65689.6
2934	1	73048.7
2935	1	60822.8
2936	1	69419
2937	1	96059.4
2938	1	-73536.7
2939	1	-3778.64
2940	1	-61325.7
2941	1	90629.5
2942	1	3424.62
2943	1	-87080.2
2944	1	-97828.5
2945	1	-46654.5
2946	1	70260.2
2947	1	-92179.7
2948	1	29523.5
2949	1	-7659.93
2950	1	-36393.9
2951	1	39580.6
2952	1	65828.9
2953	1	43874
2954	1	-67267.7
2955	1	-90318.8
2956	1	83485.2
2957	1	-73766.8
2958	1	-67655.5
2959	1	75543
2960	1	18868.3
2961	1	11621.3
2962	1	89371.8
2963	1	-32956.2
2964	1	10125.4
2965	1	67986.4
2966	1	-60273.2
2967	1	57918.3
2968	1	90306.5
2969	1	-22645.7
2970	1	65044.4
2971	1	-88214.7
2972	1	-88430.7
2973	1	2427.63
2974	1	79197.6
2975	1	-43448.2
2976	1	-39650.7
2977	1	-5491.88
2978	1	-13998.4
2979	1	43941
2980	1	32042.9
2981	1	59032.4
2982	1	-22336.6
2983	1	-55761.8
2984	1	-65014.1
2985	1	4206.86
2986	1	17405.7
2987	1	-51431.5
2988	1	-44440.2
2989	1	-34152.7
2990	1	8429.6
2991	1	21249.9
2992	1	-76084
2993	1	-23060.8
2994	1	-80119.5
2995	1	88338.1
2996	1	21092.7
2997	1	37344.9
2998	1	47621
2999	1	93131.5
3000	1	13350
3001	1	93680.4
3002	1	-33403.3
3003	1	-59458.5
3004	1	64630.1
3005	1	-80093.5
3006	1	88408.1
3007	1	-65706.7
3008	1	-65833.8
3009	1	-25937
3010	1	31192.7
3011	1	85505.7
3012	1	-19361.1
3013	1	33098.2
3014	1	78472.3
3015	1	39133.8
3016	1	-32337.6
3017	1	-44723
3018	1	-29974.7
3019	1	18563
3020	1	96362.9
3021	1	-21442.5
3022	1	-8316.07
3023	1	-57709.2
3024	1	31845.3
3025	1	-90125.4
3026	1	-18160.7
3027	1	94285.2
3028	1	-58274.9
3029	1	-18830.9
3030	1	72765.3
3031	1	-19823.8
3032	1	-62327.9
3033	1	-88684.6
3034	1	78284.7
3035	1	51162.4
3036	1	1748.56
3037	1	49095.2
3038	1	-92637.8
3039	1	25930.3
3040	1	25348.7
3041	1	-50282.5
3042	1	-9515.44
3043	1	38082.5
3044	1	-30215.5
3045	1	-56886.7
3046	1	77436
3047	1	-66287.8
3048	1	-78235.9
3049	1	58180.4
3050	1	-59721.9
3051	1	3100.56
3052	1	-59416.8
3053	1	14711.1
3054	1	85373.5
3055	1	88182.1
3056	1	-91800.3
3057	1	-6635.66
3058	1	-36409.3
3059	1	94929.6
3060	1	47951.2
3061	1	25638.2
3062	1	38229.1
3063	1	-51010.5
3064	1	68314.3
3065	1	84651.5
3066	1	-76198.8
3067	1	19011.9
3068	1	-56298.2
3069	1	26018.7
3070	1	1871.59
3071	1	73632.4
3072	1	-82990.7
3073	1	-49632.1
3074	1	-97360.9
3075	1	-85388.3
3076	1	11712.3
3077	1	35853.8
3078	1	-37688
3079	1	-50121.7
3080	1	14360.5
3081	1	-16515.8
3082	1	-42239.2
3083	1	-2719.01
3084	1	119.747
3085	1	-99629.4
3086	1	37636.8
3087	1	-5490.6
3088	1	10860.6
3089	1	-21771.3
3090	1	79487
3091	1	-50923.1
3092	1	82404.1
3093	1	39473.3
3094	1	21587.5
3095	1	-85124.3
3096	1	-70480.5
3097	1	-83967.2
3098	1	-7170.03
3099	1	-32891
3100	1	-35050.4
3101	1	-3351.97
3102	1	-67698.2
3103	1	1335.11
3104	1	49692.2
3105	1	92967.6
3106	1	68071.5
3107	1	31059.1
3108	1	93575.8
3109	1	54234.5
3110	1	-60089.2
3111	1	-30258.3
3112	1	40025.7
3113	1	-9430.46
3114	1	45127.9
3115	1	-97705.6
3116	1	-51584.9
3117	1	-75157.2
3118	1	10186.8
3119	1	-47590
3120	1	-73328
3121	1	42568.7
3122	1	27492.4
3123	1	-94663.5
3124	1	47255.1
3125	1	34019.1
3126	1	73796.1
3127	1	-4582.3
3128	1	46187
3129	1	93024.1
3130	1	-86508.2
3131	1	41063.7
3132	1	22523.3
3133	1	14701.9
3134	1	70234.3
3135	1	-13879.3
3136	1	79916.8
3137	1	50403.2
3138	1	-84016.5
3139	1	76163.2
3140	1	31943.1
3141	1	-99346.4
3142	1	-18881.2
3143	1	-35344
3144	1	30911.9
3145	1	66983.9
3146	1	-93269.4
3147	1	31264.3
3148	1	86464.4
3149	1	-39151.4
3150	1	-85586.7
3151	1	-77205.9
3152	1	64709.1
3153	1	-70593.4
3154	1	33335.1
3155	1	63126.7
3156	1	1207.7
3157	1	-34728.8
3158	1	-7154.6
3159	1	-61547.8
3160	1	87805.1
3161	1	-48074.8
3162	1	90315.9
3163	1	4766.81
3164	1	28934.4
3165	1	85823.2
3166	1	13248.5
3167	1	15460.1
3168	1	41652.9
3169	1	19312.2
3170	1	37035.2
3171	1	40996.2
3172	1	-69289.6
3173	1	-79408.7
3174	1	25126.6
3175	1	64230.8
3176	1	-75991.8
3177	1	-94904.4
3178	1	39900.1
3179	1	93401.2
3180	1	-26417.5
3181	1	15839.5
3182	1	45750.8
3183	1	-68479
3184	1	22821.6
3185	1	-68149.3
3186	1	89150.2
3187	1	-9394.6
3188	1	23703
3189	1	89119.9
3190	1	93432.4
3191	1	82006
3192	1	-44843.4
3193	1	-78245.3
3194	1	-76425.3
3195	1	-54663.7
3196	1	-47936.4
3197	1	68084.7
3198	1	-42496.8
3199	1	58587.3
3200	1	-55679.6
3201	1	55484.1
3202	1	-6152.4
3203	1	9690.73
3204	1	-23006.3
3205	1	82577
3206	1	53179.6
3207	1	65240.3
3208	1	82724.8
3209	1	-14161.6
3210	1	-46307.7
3211	1	-13479.2
3212	1	3098.19
3213	1	19732.5
3214	1	-18276.1
3215	1	47097.1
3216	1	-42308.7
3217	1	28405.9
3218	1	49328
3219	1	63968
3220	1	18197.3
3221	1	-6254.23
3222	1	41168
3223	1	-70920
3224	1	-21879.1
3225	1	52403.1
3226	1	-71277.1
3227	1	-41531.6
3228	1	-78502
3229	1	-58200.1
3230	1	-56848.5
3231	1	22208.3
3232	1	14979.1
3233	1	68789.5
3234	1	-48559.1
3235	1	-82676.6
3236	1	39999.4
3237	1	3990.91
3238	1	22909.4
3239	1	-16058.6
3240	1	44706.5
3241	1	70786.5
3242	1	-3392.44
3243	1	97755.5
3244	1	-49577
3245	1	16153.9
3246	1	-13857.1
3247	1	-70820.1
3248	1	-67151.1
3249	1	56075.5
3250	1	-74659.7
3251	1	38483
3252	1	94298.9
3253	1	46779.1
3254	1	-27782
3255	1	-15302.3
3256	1	-87638.3
3257	1	-24022.1
3258	1	92607.2
3259	1	52767.3
3260	1	23172
3261	1	52283.3
3262	1	62581.2
3263	1	41816.6
3264	1	-70094.3
3265	1	-77383.3
3266	1	108.916
3267	1	39761.8
3268	1	27515
3269	1	-23756.3
3270	1	7827.87
3271	1	-79434.7
3272	1	37047.3
3273	1	15692.9
3274	1	-97833
3275	1	50087.8
3276	1	32772.2
3277	1	-97353.5
3278	1	57197
3279	1	-35432.9
3280	1	24680.3
3281	1	-34730.9
3282	1	4981.17
3283	1	68461.4
3284	1	-37447.2
3285	1	51838.1
3286	1	-32930.7
3287	1	92505.8
3288	1	-14686.3
3289	1	86500.2
3290	1	13553.8
3291	1	85345.3
3292	1	69062.8
3293	1	-92260.1
3294	1	25630.7
3295	1	-7530.39
3296	1	24152.1
3297	1	-46582.5
3298	1	-56887.5
3299	1	-62280.1
3300	1	-93845.9
3301	1	-25727.5
3302	1	-59424
3303	1	-77517.3
3304	1	76378.4
3305	1	59530
3306	1	-32381.2
3307	1	-78633.6
3308	1	-69838.5
3309	1	-55417.9
3310	1	-59143.9
3311	1	-82015.2
3312	1	41411.5
3313	1	-66143
3314	1	65027.3
3315	1	-44586.9
3316	1	27755.7
3317	1	-6199.46
3318	1	-13178.3
3319	1	28404.7
3320	1	98395.9
3321	1	-87788.5
3322	1	82872.3
3323	1	13191.5
3324	1	-89743.7
3325	1	33636.7
3326	1	13291.4
3327	1	49876.4
3328	1	-91860.9
3329	1	-59107.4
3330	1	-66061.2
3331	1	54398
3332	1	-28679.2
3333	1	76068.8
3334	1	82714.7
3335	1	-6671.9
3336	1	-86775.8
3337	1	-46020.5
3338	1	-70700.4
3339	1	39819.6
3340	1	-8416.72
3341	1	67047.6
3342	1	60646.7
3343	1	89032.4
3344	1	57267.1
3345	1	-3649.55
3346	1	-48459.9
3347	1	1410.93
3348	1	-60034.4
3349	1	-67042
3350	1	-58399.6
3351	1	-80536.3
3352	1	35942.7
3353	1	-2501.25
3354	1	68009.4
3355	1	-21626.7
3356	1	12486.2
3357	1	63150.6
3358	1	99942.2
3359	1	16266.2
3360	1	-64367.1
3361	1	-25939.4
3362	1	-24631.4
3363	1	-93626.4
3364	1	96747.7
3365	1	43169.6
3366	1	-1723.2
3367	1	53040.3
3368	1	39028.8
3369	1	-24715.6
3370	1	84993.2
3371	1	-948.28
3372	1	31920.2
3373	1	-79719.2
3374	1	10890
3375	1	97684
3376	1	-28916.4
3377	1	40363
3378	1	-30090.6
3379	1	39236.3
3380	1	25708.3
3381	1	86899.6
3382	1	95299.6
3383	1	38956.3
3384	1	23598.1
3385	1	26213.1
3386	1	-90091.3
3387	1	-36299.7
3388	1	88116.3
3389	1	-68572.5
3390	1	-17177.2
3391	1	38427.5
3392	1	-6333.08
3393	1	-87641.2
3394	1	18200.2
3395	1	7397.47
3396	1	-31442.5
3397	1	41846.2
3398	1	89338.6
3399	1	68630
3400	1	33583.4
3401	1	76444.2
3402	1	2042.55
3403	1	-30028.7
3404	1	57383.9
3405	1	-32959.6
3406	1	-50517.5
3407	1	-13719.4
3408	1	-33443.3
3409	1	10787.9
3410	1	-67126.4
3411	1	-66046.5
3412	1	59197.1
3413	1	-22815.9
3414	1	20251.2
3415	1	85739.4
3416	1	43432.2
3417	1	-18253.8
3418	1	81916.2
3419	1	14963.2
3420	1	67055.7
3421	1	73431.9
3422	1	-22214.8
3423	1	57547.2
3424	1	79695.5
3425	1	-25469
3426	1	35526.4
3427	1	86478.8
3428	1	39738.9
3429	1	84420.6
3430	1	17342.4
3431	1	-18978.4
3432	1	85616.1
3433	1	-23162.5
3434	1	23620.9
3435	1	-30427
3436	1	16100.7
3437	1	-15153.5
3438	1	-63264.5
3439	1	-50917.5
3440	1	-10912.8
3441	1	-28788.2
3442	1	61840.1
3443	1	25502.6
3444	1	88889.4
3445	1	-54065.1
3446	1	-67733
3447	1	69137.9
3448	1	43931.9
3449	1	-20651.4
3450	1	77809
3451	1	-31470.6
3452	1	-25363.8
3453	1	57008.4
3454	1	57884.2
3455	1	80685.5
3456	1	40633.5
3457	1	-420.539
3458	1	-69222.3
3459	1	41518
3460	1	-79346.4
3461	1	90688.3
3462	1	-51435
3463	1	76298.2
3464	1	28381.6
3465	1	71728.1
3466	1	52489.2
3467	1	-89355.3
3468	1	-70117.6
3469	1	-63549.6
3470	1	-15244.1
3471	1	97542
3472	1	-92958.4
3473	1	-11431.2
3474	1	-80400.5
3475	1	75596.7
3476	1	-64117.5
3477	1	-4564.7
3478	1	-24708.4
3479	1	-39178.5
3480	1	-35101.7
3481	1	42323.6
3482	1	95816
3483	1	92549.3
3484	1	-81039.6
3485	1	11221.8
3486	1	58178.1
3487	1	-31355.3
3488	1	-96256
3489	1	98507.2
3490	1	-55758.9
3491	1	59428.1
3492	1	-39172.3
3493	1	-91661.5
3494	1	48291.6
3495	1	86804.8
3496	1	-59600.8
3497	1	-88521.4
3498	1	-26225.7
3499	1	-10606.6
3500	1	-39498.7
3501	1	-33303.6
3502	1	61191.4
3503	1	-17304.5
3504	1	-56995.5
3505	1	58291.4
3506	1	-62876.6
3507	1	-43135.7
3508	1	-36615
3509	1	-84310.9
3510	1	-27731.8
3511	1	-243.011
3512	1	-48833
3513	1	28704.8
3514	1	70071.7
3515	1	37475.1
3516	1	42451.5
3517	1	87912.4
3518	1	-98598.2
3519	1	-17945.1
3520	1	11180.9
3521	1	-4615.41
3522	1	93694.3
3523	1	73720.4
3524	1	-8365.52
3525	1	58390.3
3526	1	21703.7
3527	1	25694.8
3528	1	32548.4
3529	1	60950.8
3530	1	-31406.7
3531	1	78073.8
3532	1	87338.6
3533	1	2823.02
3534	1	-50078
3535	1	-99065.7
3536	1	22763
3537	1	44966.2
3538	1	-144.586
3539	1	61796.5
3540	1	86078.7
3541	1	-35828.9
3542	1	-58172.7
3543	1	72415.6
3544	1	-55683.8
3545	1	76877.7
3546	1	-80484.3
3547	1	26829.1
3548	1	82911
3549	1	-23236.6
3550	1	-46830.2
3551	1	-4212.34
3552	1	-94904.4
3553	1	32934.8
3554	1	-33237.2
3555	1	-89092.1
3556	1	31350.8
3557	1	84041.7
3558	1	-88409.8
3559	1	89029
3560	1	8671.51
3561	1	-28023.1
3562	1	76302.4
3563	1	-14837.8
3564	1	-83969.6
3565	1	50785.2
3566	1	-88749.6
3567	1	16692.7
3568	1	16393.3
3569	1	-34482.7
3570	1	50668.8
3571	1	-83475.1
3572	1	26136.4
3573	1	14210
3574	1	79364.4
3575	1	76963
3576	1	-53826.1
3577	1	51314.4
3578	1	-58053.5
3579	1	-82792.7
3580	1	96749.4
3581	1	-25931.2
3582	1	31410.2
3583	1	-37393.5
3584	1	3678.49
3585	1	-62835.6
3586	1	55934.1
3587	1	-19803.4
3588	1	-21714.8
3589	1	21843.2
3590	1	-21600.9
3591	1	23364
3592	1	92533.2
3593	1	-13572.4
3594	1	-2092.06
3595	1	66751.7
3596	1	-23764.9
3597	1	94308.5
3598	1	-76361.9
3599	1	-26118.7
3600	1	88767.8
3601	1	-76228.5
3602	1	99877.9
3603	1	22777.5
3604	1	39597.5
3605	1	43117
3606	1	14490.8
3607	1	65319.8
3608	1	6902.59
3609	1	58773.9
3610	1	-69720.4
3611	1	17308.8
3612	1	-29691.7
3613	1	14409.4
3614	1	-43808.5
3615	1	-82583.8
3616	1	73365.3
3617	1	82626.1
3618	1	37581.3
3619	1	-26698.6
3620	1	22498
3621	1	-39046.1
3622	1	-25379.3
3623	1	27581.3
3624	1	20956.3
3625	1	49147
3626	1	44411.8
3627	1	90368.3
3628	1	3009.21
3629	1	-69004.2
3630	1	-27808.4
3631	1	-76941.1
3632	1	31060.3
3633	1	60067.1
3634	1	6457.87
3635	1	44915.3
3636	1	-17889.2
3637	1	47779.9
3638	1	51651.8
3639	1	95930.4
3640	1	66534.3
3641	1	-93719.2
3642	1	83839.2
3643	1	-79340.6
3644	1	54615.9
3645	1	51148.7
3646	1	-56669.1
3647	1	70076.9
3648	1	61423.4
3649	1	-19893.2
3650	1	-54913.7
3651	1	50743.6
3652	1	-97251
3653	1	-49216.3
3654	1	-29159.7
3655	1	-42970.5
3656	1	-19344.4
3657	1	46364.9
3658	1	84476.1
3659	1	-89879.6
3660	1	-17029.1
3661	1	-82323.9
3662	1	82193.6
3663	1	17684.4
3664	1	29547.5
3665	1	38185.8
3666	1	54755.8
3667	1	83353.3
3668	1	-63580.1
3669	1	-77833.5
3670	1	-18969.3
3671	1	61031.8
3672	1	4346.89
3673	1	95193.1
3674	1	-26701
3675	1	-75753.8
3676	1	-25168.8
3677	1	-57906.7
3678	1	-8585.41
3679	1	-3094.49
3680	1	-59.7134
3681	1	64162.6
3682	1	-9891.16
3683	1	24147.4
3684	1	-59105.6
3685	1	41369.2
3686	1	75758.4
3687	1	-60472.8
3688	1	41315.1
3689	1	-50555.2
3690	1	-791.969
3691	1	-37196.9
3692	1	-7980.62
3693	1	-89073.2
3694	1	-74926.1
3695	1	1313.98
3696	1	70122.8
3697	1	4222.06
3698	1	-88608.5
3699	1	-84787.9
3700	1	41805.1
3701	1	12081.8
3702	1	-42861
3703	1	75388.8
3704	1	55591.6
3705	1	-83998
3706	1	-20620.6
3707	1	97603.9
3708	1	45791.3
3709	1	52655.9
3710	1	-77837
3711	1	38163.7
3712	1	82629.8
3713	1	-28282
3714	1	26411.1
3715	1	59679.3
3716	1	67260.2
3717	1	75271.7
3718	1	-94495.3
3719	1	-24428.4
3720	1	-66203.9
3721	1	-942.938
3722	1	-33085.7
3723	1	-87032.8
3724	1	-73741.3
3725	1	24499.4
3726	1	-28338.9
3727	1	29155.5
3728	1	-38089.3
3729	1	-71058.7
3730	1	-64916
3731	1	20215.8
3732	1	97823.7
3733	1	-9450.05
3734	1	84298.8
3735	1	77631.6
3736	1	-84357.7
3737	1	-21072.6
3738	1	-44136.1
3739	1	-39301.1
3740	1	69084.1
3741	1	-61034.6
3742	1	94329.3
3743	1	-42597.3
3744	1	61639.9
3745	1	18649.8
3746	1	72690.7
3747	1	55697.2
3748	1	71212.9
3749	1	97648.1
3750	1	-87214.7
3751	1	84098.6
3752	1	50560.4
3753	1	75759.2
3754	1	65483.3
3755	1	-65427.8
3756	1	-58901.4
3757	1	1900.1
3758	1	24149.9
3759	1	12295.8
3760	1	-16859.6
3761	1	94436
3762	1	19500.6
3763	1	-90257
3764	1	66764.5
3765	1	-46318.2
3766	1	-72434.7
3767	1	15761.2
3768	1	37476.8
3769	1	-44795.2
3770	1	56767.2
3771	1	58109.8
3772	1	-34240.7
3773	1	96636.9
3774	1	28989.7
3775	1	-63727
3776	1	-35573.5
3777	1	69048.8
3778	1	-33202.8
3779	1	-91625.8
3780	1	58692.5
3781	1	-61299.3
3782	1	-53109.2
3783	1	97433
3784	1	75205.6
3785	1	56460.7
3786	1	-27240.6
3787	1	-42955.9
3788	1	-27151.8
3789	1	-26781.8
3790	1	6117.23
3791	1	-87117
3792	1	45388.8
3793	1	74016.2
3794	1	85723.6
3795	1	20687.1
3796	1	-55226.6
3797	1	-38911.8
3798	1	42488.6
3799	1	-61337.4
3800	1	-13376.5
3801	1	35623.2
3802	1	-49053.8
3803	1	7799.46
3804	1	96368.7
3805	1	-25301.9
3806	1	86074.4
3807	1	44781.1
3808	1	-68396.7
3809	1	-59710.7
3810	1	15203.9
3811	1	35492.2
3812	1	62443.7
3813	1	29927.9
3814	1	-78289.5
3815	1	40025.7
3816	1	-66409.5
3817	1	32630.3
3818	1	42020.7
3819	1	69165.8
3820	1	49262.4
3821	1	98612.1
3822	1	-93142.5
3823	1	37609.9
3824	1	-15529.4
3825	1	-63810.1
3826	1	62801.3
3827	1	-66839.8
3828	1	-23128.1
3829	1	-70467.1
3830	1	-35674.1
3831	1	-75844
3832	1	89298.3
3833	1	-1878.65
3834	1	25413.1
3835	1	8281.19
3836	1	-47138.6
3837	1	85575.3
3838	1	67746.8
3839	1	-22327
3840	1	-71747
3841	1	-92275.9
3842	1	83554.4
3843	1	-5942.85
3844	1	32006.6
3845	1	-84651
3846	1	79762.3
3847	1	50330.5
3848	1	83828.7
3849	1	4150.07
3850	1	-4600.84
3851	1	21277
3852	1	-91056.1
3853	1	-27784
3854	1	74701.9
3855	1	-98275.2
3856	1	-59443.2
3857	1	-44770.3
3858	1	22192.4
3859	1	-20122.8
3860	1	4589.15
3861	1	86552.8
3862	1	-56851
3863	1	81006.7
3864	1	-57049.8
3865	1	16821.1
3866	1	50804.3
3867	1	-90575.1
3868	1	-7358.25
3869	1	-57469.3
3870	1	64434.1
3871	1	83605.7
3872	1	72079.7
3873	1	96562.3
3874	1	19931.5
3875	1	-42067.9
3876	1	-51346.6
3877	1	45373.7
3878	1	23337.7
3879	1	43806.2
3880	1	-52730.4
3881	1	35635.4
3882	1	-14198.4
3883	1	14921.2
3884	1	-96646.6
3885	1	-25463.8
3886	1	-87757.3
3887	1	-98353.2
3888	1	19910.3
3889	1	-47145.5
3890	1	-33719.9
3891	1	-10709.6
3892	1	-55337.8
3893	1	75153.9
3894	1	-236.201
3895	1	-89705.6
3896	1	-90431.3
3897	1	-54947.7
3898	1	-34229.6
3899	1	-40643.7
3900	1	-16148
3901	1	-33949
3902	1	76326.7
3903	1	-51062.8
3904	1	68291
3905	1	-2265.89
3906	1	98675.4
3907	1	-17475.5
3908	1	-86129.4
3909	1	38458.1
3910	1	-36794.1
3911	1	24964.7
3912	1	-89957.9
3913	1	-67757.3
3914	1	-66046.4
3915	1	-47743.9
3916	1	-2702.43
3917	1	-4370.05
3918	1	-53794.5
3919	1	32389.6
3920	1	-2458.85
3921	1	35999.8
3922	1	71685.1
3923	1	-14528.3
3924	1	87095.9
3925	1	-2817.13
3926	1	32034.7
3927	1	-94641.1
3928	1	905.912
3929	1	2231.81
3930	1	62847.8
3931	1	-40025.3
3932	1	-68653.2
3933	1	-75035.7
3934	1	75657
3935	1	-68152.1
3936	1	-94563.3
3937	1	-16152.3
3938	1	-20717
3939	1	-83460.9
3940	1	-41640.1
3941	1	50290.9
3942	1	3333.99
3943	1	-99674.1
3944	1	-54155.2
3945	1	-82641.9
3946	1	-33610.7
3947	1	86764
3948	1	-5767.68
3949	1	68687.9
3950	1	77667
3951	1	-93144.4
3952	1	40684.3
3953	1	61531.7
3954	1	73386.8
3955	1	66646.6
3956	1	-90586.1
3957	1	79128.6
3958	1	-63098.3
3959	1	-80869.1
3960	1	99860.4
3961	1	72121.4
3962	1	89457.5
3963	1	-69851.9
3964	1	24504.9
3965	1	67610.8
3966	1	-28178.3
3967	1	70442.2
3968	1	-17279.8
3969	1	-16041.5
3970	1	34159.3
3971	1	-13406.6
3972	1	16712.9
3973	1	-15660.8
3974	1	83088.5
3975	1	35514.2
3976	1	29356
3977	1	-69371.7
3978	1	-60135.9
3979	1	94754.1
3980	1	-66674.1
3981	1	50913.1
3982	1	9596.12
3983	1	48033.4
3984	1	49414
3985	1	-30092.5
3986	1	16650.2
3987	1	70088.5
3988	1	37627.7
3989	1	-31134.2
3990	1	50697.5
3991	1	-25197.9
3992	1	-27163.7
3993	1	95233.1
3994	1	26334.9
3995	1	-99754
3996	1	13033.3
3997	1	-58206.2
3998	1	-1676.71
3999	1	87829
4000	1	95118.3
4001	1	25475.2
4002	1	24202.3
4003	1	-45086
4004	1	-95468.8
4005	1	65406.4
4006	1	61272.5
4007	1	-85964.4
4008	1	-63640.2
4009	1	-84798.3
4010	1	31621.1
4011	1	-48642.7
4012	1	-84654
4013	1	-24083.6
4014	1	-34274.8
4015	1	52631.5
4016	1	83950.5
4017	1	-52610.8
4018	1	-37234.7
4019	1	32681.7
4020	1	15123.8
4021	1	-6764.82
4022	1	85326.6
4023	1	-90283.1
4024	1	-23047.2
4025	1	61676.6
4026	1	15799.9
4027	1	-15215.9
4028	1	-51805.9
4029	1	70019.2
4030	1	-88843.4
4031	1	15758.7
4032	1	57485.5
4033	1	17586.6
4034	1	46484.8
4035	1	-21541
4036	1	-18681.2
4037	1	91179.8
4038	1	-21841.9
4039	1	9077.76
4040	1	47782.1
4041	1	95561.6
4042	1	-5035.52
4043	1	36785.5
4044	1	-10067.9
4045	1	12328.5
4046	1	94071.1
4047	1	-83183.6
4048	1	-69874.3
4049	1	-64982
4050	1	1621.07
4051	1	94472
4052	1	-76645.7
4053	1	-99767.9
4054	1	-59194.5
4055	1	56133
4056	1	-47970.9
4057	1	33727.1
4058	1	-73464.9
4059	1	24603.4
4060	1	80234.1
4061	1	-77791.4
4062	1	-53769.7
4063	1	-46331.1
4064	1	10851.8
4065	1	-3687.1
4066	1	43896.6
4067	1	-38281.1
4068	1	12071
4069	1	53680.6
4070	1	78891.3
4071	1	48583.3
4072	1	32231.9
4073	1	24120.1
4074	1	-87003.6
4075	1	-31866.4
4076	1	-63778.3
4077	1	82801.2
4078	1	75765.6
4079	1	-67869.3
4080	1	45111.4
4081	1	-19065.8
4082	1	67497.7
4083	1	-48401.6
4084	1	-32295.6
4085	1	-15176.6
4086	1	59654.9
4087	1	-94119.5
4088	1	66765.6
4089	1	-70538.7
4090	1	63057.7
4091	1	-46871.9
4092	1	74337.3
4093	1	12138.5
4094	1	82467.3
4095	1	53771.8
4096	1	-80591.1
4097	1	-84700.7
4098	1	-80802
4099	1	-6103.37
4100	1	51161.7
4101	1	-39390.8
4102	1	6665.74
4103	1	47759.5
4104	1	-55231.8
4105	1	94049.2
4106	1	62216.8
4107	1	18415.5
4108	1	-20002.7
4109	1	-30793.7
4110	1	-78484.9
4111	1	43267.1
4112	1	87919.6
4113	1	-2643.07
4114	1	-65802.4
4115	1	-30307.1
4116	1	-13396.2
4117	1	45459.7
4118	1	-66571.3
4119	1	64071
4120	1	-32433.9
4121	1	6300.78
4122	1	-5768.27
4123	1	-17519.6
4124	1	-65577.8
4125	1	22722.3
4126	1	59199.1
4127	1	62216.4
4128	1	-55966.5
4129	1	-6430.61
4130	1	78693
4131	1	92094.3
4132	1	16720.7
4133	1	18959.5
4134	1	-41606.1
4135	1	-74110.4
4136	1	48720.1
4137	1	-38130.4
4138	1	35272.1
4139	1	-33990.7
4140	1	-308.155
4141	1	84933.5
4142	1	49237.4
4143	1	-49614.7
4144	1	-1507.88
4145	1	68921.4
4146	1	39397.4
4147	1	55366.3
4148	1	-43561.2
4149	1	4485.94
4150	1	38815.3
4151	1	23762.3
4152	1	40624.7
4153	1	-38084.4
4154	1	1673.28
4155	1	4749.22
4156	1	-72377.9
4157	1	43940.8
4158	1	-69080.5
4159	1	-56187.5
4160	1	96327.2
4161	1	5808.22
4162	1	58615.4
4163	1	-49969.5
4164	1	18173.9
4165	1	-26186.9
4166	1	21177.8
4167	1	64628.1
4168	1	33859.3
4169	1	73727.7
4170	1	34096.4
4171	1	23902
4172	1	-98121.1
4173	1	50949.6
4174	1	-25977.4
4175	1	-28633.4
4176	1	-2418.91
4177	1	-82306.2
4178	1	-88829.7
4179	1	83741.4
4180	1	33460.4
4181	1	23539.7
4182	1	3891
4183	1	13056.5
4184	1	-83943.5
4185	1	-39527.7
4186	1	32358.4
4187	1	6083.25
4188	1	-20596.8
4189	1	59364.2
4190	1	963.93
4191	1	-30791.3
4192	1	86020.3
4193	1	43527.3
4194	1	3686.67
4195	1	89753.4
4196	1	41614.1
4197	1	-4580.07
4198	1	18630.7
4199	1	-93952.6
4200	1	89757.8
4201	1	-22968.4
4202	1	59242.8
4203	1	-75004.4
4204	1	-89828.1
4205	1	81838.5
4206	1	48287.4
4207	1	-86820.5
4208	1	-4159.15
4209	1	-33420.5
4210	1	-62886.9
4211	1	-31360.5
4212	1	45584.8
4213	1	49154.6
4214	1	-28227.7
4215	1	54883.1
4216	1	55216.9
4217	1	-24935.8
4218	1	90354.3
4219	1	-50259.8
4220	1	-84077.4
4221	1	30752
4222	1	-76463.8
4223	1	-54684
4224	1	-2823.3
4225	1	-94267.3
4226	1	-36131.5
4227	1	63388.4
4228	1	-99879.4
4229	1	-14288.5
4230	1	-49704.6
4231	1	21342.8
4232	1	-22572.1
4233	1	-89081.3
4234	1	19149.9
4235	1	-58315.8
4236	1	54478.3
4237	1	18390.6
4238	1	-59314.6
4239	1	97843.7
4240	1	18320.9
4241	1	-50082
4242	1	-84489.7
4243	1	-39757.7
4244	1	-51348.1
4245	1	-64514
4246	1	63474.5
4247	1	59474.8
4248	1	39788.8
4249	1	-8322.13
4250	1	-52036.9
4251	1	-52017
4252	1	-72675.5
4253	1	-58240.1
4254	1	60379.4
4255	1	90689.6
4256	1	35224
4257	1	-77717.2
4258	1	-19183.4
4259	1	88374.9
4260	1	81275.6
4261	1	84211.8
4262	1	-17657.3
4263	1	9734.65
4264	1	-33022.2
4265	1	-67765.2
4266	1	64990.6
4267	1	56043.2
4268	1	-90248.5
4269	1	-97719.4
4270	1	94905
4271	1	11567.3
4272	1	-51385.3
4273	1	-47361.4
4274	1	6070.21
4275	1	-49673.6
4276	1	98132.5
4277	1	36840.2
4278	1	-5947.86
4279	1	88019.7
4280	1	-77206.4
4281	1	20598.1
4282	1	-47693.4
4283	1	4133.17
4284	1	-54466.9
4285	1	64360.2
4286	1	-52755.4
4287	1	-57874.7
4288	1	89765.9
4289	1	17577.8
4290	1	31809.8
4291	1	-79817.6
4292	1	21201.8
4293	1	-8460.22
4294	1	-72960.9
4295	1	25716.5
4296	1	-32892.9
4297	1	75248.8
4298	1	10769.7
4299	1	-69855.3
4300	1	574.098
4301	1	51150.9
4302	1	-82420.8
4303	1	51617
4304	1	-2370.43
4305	1	91628.3
4306	1	-82470.2
4307	1	3887.11
4308	1	38971.3
4309	1	-91302.2
4310	1	-82332.5
4311	1	22201.9
4312	1	88729.8
4313	1	4461.77
4314	1	43387.2
4315	1	91805.9
4316	1	46984
4317	1	-73730.6
4318	1	69514.4
4319	1	-2595.7
4320	1	97411.7
4321	1	63236
4322	1	-26426
4323	1	24537.4
4324	1	-91456
4325	1	-34569.6
4326	1	34218.6
4327	1	89637.1
4328	1	-27844.8
4329	1	-20872.6
4330	1	84630.6
4331	1	-4139.2
4332	1	48966
4333	1	2206.43
4334	1	-23917.2
4335	1	49843.3
4336	1	-81929.6
4337	1	-62621.7
4338	1	-10138
4339	1	7500.37
4340	1	-90692
4341	1	60656.9
4342	1	96297.8
4343	1	87050.4
4344	1	-66887.7
4345	1	263.481
4346	1	-74564.8
4347	1	-17785
4348	1	78229.6
4349	1	-67804
4350	1	-45417.9
4351	1	17257.5
4352	1	53799.8
4353	1	696.248
4354	1	90038.8
4355	1	-86269.5
4356	1	92654.1
4357	1	7510.05
4358	1	-95552.6
4359	1	-34632.5
4360	1	-74370.8
4361	1	29524.3
4362	1	-17231
4363	1	89658.1
4364	1	21137
4365	1	-16216.2
4366	1	-74908.4
4367	1	-86122.7
4368	1	-78636.3
4369	1	1361.84
4370	1	-37951.4
4371	1	-64364.1
4372	1	-79082.1
4373	1	77352.2
4374	1	38023.2
4375	1	23436.7
4376	1	29923.6
4377	1	65444.5
4378	1	91534.1
4379	1	91929.8
4380	1	-58316
4381	1	-8102
4382	1	23537.3
4383	1	-51007.2
4384	1	-17638.8
4385	1	83524.3
4386	1	-14783.6
4387	1	-50166.7
4388	1	11220
4389	1	-60528.4
4390	1	17992.7
4391	1	57622.1
4392	1	-67484
4393	1	-1277.68
4394	1	-94634.8
4395	1	95206.9
4396	1	-39539.8
4397	1	-99484.1
4398	1	-55531.5
4399	1	3759.12
4400	1	18344.2
4401	1	-82387.8
4402	1	-70893.8
4403	1	65795.3
4404	1	-84521.8
4405	1	-78270.9
4406	1	49622.2
4407	1	-59411
4408	1	14706.7
4409	1	-26839.8
4410	1	-76846.2
4411	1	-85545.5
4412	1	-44762.1
4413	1	-69660.1
4414	1	5321.46
4415	1	16497.1
4416	1	82096.8
4417	1	79617.9
4418	1	-95117.6
4419	1	82042.3
4420	1	88150.6
4421	1	54110.2
4422	1	-91982.8
4423	1	-37221.9
4424	1	11319.7
4425	1	9616.45
4426	1	-50867.3
4427	1	65871.6
4428	1	53994.2
4429	1	30075.8
4430	1	23475.9
4431	1	-50896.9
4432	1	1774.43
4433	1	-98736.2
4434	1	-78856.3
4435	1	-60750.5
4436	1	53561.2
4437	1	34402.2
4438	1	-56794.8
4439	1	34875.9
4440	1	59751.1
4441	1	14619.1
4442	1	16001.8
4443	1	44671.5
4444	1	23333.3
4445	1	54521.8
4446	1	-38105.2
4447	1	-86147.5
4448	1	16617.8
4449	1	35264.4
4450	1	-60033.6
4451	1	18302.1
4452	1	-42800.9
4453	1	16233.9
4454	1	85212.7
4455	1	98171.6
4456	1	-63932.9
4457	1	-75746.1
4458	1	-9333.65
4459	1	-9324.4
4460	1	-26061.2
4461	1	-45904
4462	1	-8862.15
4463	1	93174.8
4464	1	-92491.8
4465	1	55688.7
4466	1	-8124.72
4467	1	7683.4
4468	1	-88453.6
4469	1	94794.1
4470	1	-21776.7
4471	1	17031.9
4472	1	46323.4
4473	1	93291.2
4474	1	-46598.5
4475	1	1893.18
4476	1	76543.3
4477	1	23641.6
4478	1	-68521.7
4479	1	-55220
4480	1	-45233.6
4481	1	-92081
4482	1	-18206.7
4483	1	-404.855
4484	1	72243.7
4485	1	-86706.3
4486	1	19783.8
4487	1	-19903.5
4488	1	93449.8
4489	1	74827.8
4490	1	-39779.9
4491	1	17976.5
4492	1	45758.8
4493	1	-32123.3
4494	1	33099.4
4495	1	-21541.9
4496	1	66593.5
4497	1	-7606.3
4498	1	68141.3
4499	1	80433.3
4500	1	-4957.08
4501	1	-40082.3
4502	1	-62321.8
4503	1	-74822.2
4504	1	73892.8
4505	1	92224.5
4506	1	12513.4
4507	1	99122.2
4508	1	-30762.3
4509	1	52337.2
4510	1	43699.6
4511	1	-570.701
4512	1	-3648.29
4513	1	76511.1
4514	1	-57549.8
4515	1	-73662.5
4516	1	53232.4
4517	1	-57459.5
4518	1	24854.6
4519	1	-78206.2
4520	1	71628.5
4521	1	25865.4
4522	1	-50595
4523	1	35938.2
4524	1	21629.3
4525	1	30793.2
4526	1	43213.2
4527	1	-82048
4528	1	29986.3
4529	1	16791.1
4530	1	73802
4531	1	-39180.3
4532	1	58827.5
4533	1	-20924.6
4534	1	64831
4535	1	-23810.4
4536	1	48812.2
4537	1	4898.11
4538	1	-70508.7
4539	1	-14188.6
4540	1	-95369.8
4541	1	96292.6
4542	1	83501.2
4543	1	-90340.4
4544	1	-43862.6
4545	1	-86901.4
4546	1	47521.7
4547	1	-57884.1
4548	1	-29315.1
4549	1	-49269.4
4550	1	52414.5
4551	1	-67264.9
4552	1	-56891.2
4553	1	44735.6
4554	1	39316.6
4555	1	-23545.1
4556	1	-39692.1
4557	1	-77816.8
4558	1	-40978
4559	1	-35881.1
4560	1	-25917.7
4561	1	-48548
4562	1	-79062.5
4563	1	65462.4
4564	1	11574.4
4565	1	-96472.5
4566	1	58572.6
4567	1	33756
4568	1	77813.4
4569	1	-86073.2
4570	1	90938.5
4571	1	-6540.06
4572	1	68323.6
4573	1	-12343.3
4574	1	17800.4
4575	1	10767
4576	1	15181.7
4577	1	-30718.1
4578	1	-36855
4579	1	-95057.1
4580	1	30033.4
4581	1	80602
4582	1	5638.49
4583	1	-54432.2
4584	1	-73792.5
4585	1	45408.8
4586	1	-51932.4
4587	1	5971.61
4588	1	50596.3
4589	1	66132.4
4590	1	1304.43
4591	1	-98926
4592	1	90787.8
4593	1	47734.6
4594	1	-75848.5
4595	1	-80207
4596	1	98785.3
4597	1	-98141.5
4598	1	25875.1
4599	1	61223.9
4600	1	98655.3
4601	1	32436.5
4602	1	-66976.7
4603	1	58637.8
4604	1	17423.1
4605	1	-94692.9
4606	1	-42665.7
4607	1	27558.1
4608	1	70956.3
4609	1	37141.3
4610	1	64596.8
4611	1	-66941.5
4612	1	-15038.8
4613	1	-88716.1
4614	1	-16359.9
4615	1	78144.2
4616	1	30038.4
4617	1	-72399.8
4618	1	-35947.1
4619	1	-32582.5
4620	1	32176.3
4621	1	55978.8
4622	1	54755.8
4623	1	-78945.3
4624	1	-48583.8
4625	1	56126.3
4626	1	12510.2
4627	1	680.297
4628	1	-94031.3
4629	1	-22740
4630	1	69557.9
4631	1	-5316.52
4632	1	73784
4633	1	-67092.6
4634	1	-73462.5
4635	1	59974
4636	1	92406.4
4637	1	-88173.3
4638	1	74561.3
4639	1	32412
4640	1	-31627
4641	1	-21268.6
4642	1	-10148.5
4643	1	-84250.3
4644	1	-68455.8
4645	1	-69663.3
4646	1	-41679.7
4647	1	-41253.3
4648	1	-67776.2
4649	1	-21523.3
4650	1	-52844.8
4651	1	56368.6
4652	1	66474.3
4653	1	-77033.4
4654	1	84029.3
4655	1	92933
4656	1	-976.031
4657	1	-35313.8
4658	1	7048.06
4659	1	68338.6
4660	1	-96288.7
4661	1	-55954.5
4662	1	-20538.2
4663	1	-32934.3
4664	1	85717.1
4665	1	-45818.6
4666	1	79900.8
4667	1	-36337.4
4668	1	-66286.6
4669	1	35694.4
4670	1	-89619.3
4671	1	77235.1
4672	1	-5068.87
4673	1	-94712.5
4674	1	42898.2
4675	1	-7894.95
4676	1	60750.5
4677	1	90982.4
4678	1	-58381.5
4679	1	-9081.31
4680	1	-88862
4681	1	-85761.5
4682	1	-92568.4
4683	1	41420.9
4684	1	11141
4685	1	-2123.31
4686	1	-65409.4
4687	1	4469.44
4688	1	-81813.8
4689	1	75862.8
4690	1	-33752.7
4691	1	71667.2
4692	1	29328.5
4693	1	-1873.6
4694	1	70919.6
4695	1	-72446.7
4696	1	-16124.2
4697	1	24967.5
4698	1	71064.2
4699	1	47437.6
4700	1	-11527.1
4701	1	24290.5
4702	1	-97560.8
4703	1	-24679.5
4704	1	-26589.3
4705	1	40295.3
4706	1	47626
4707	1	-16576
4708	1	-39566
4709	1	93014.6
4710	1	82198.9
4711	1	-20659.9
4712	1	6544.97
4713	1	24664.8
4714	1	83187.6
4715	1	-99555.6
4716	1	-24843.3
4717	1	-24944
4718	1	-87646.6
4719	1	-17802.2
4720	1	-72028.6
4721	1	33664.8
4722	1	-98247.6
4723	1	24165
4724	1	18662.6
4725	1	53593.4
4726	1	98003.5
4727	1	48233
4728	1	-68713.1
4729	1	21131.9
4730	1	31462.7
4731	1	15388.5
4732	1	-31422.7
4733	1	-10702
4734	1	85038.5
4735	1	81142.3
4736	1	75685.2
4737	1	47403.7
4738	1	-9687.19
4739	1	-93236.3
4740	1	-22380.9
4741	1	88224.2
4742	1	77111.4
4743	1	16623.8
4744	1	-52114.9
4745	1	74162.7
4746	1	-44705.4
4747	1	-60112.4
4748	1	-22886.7
4749	1	50703.3
4750	1	-8801.68
4751	1	76665.1
4752	1	25453.8
4753	1	-36347.7
4754	1	94531.4
4755	1	70702.1
4756	1	74740.1
4757	1	80080.7
4758	1	-95899.5
4759	1	-28833.9
4760	1	-51562.7
4761	1	-46464.3
4762	1	49879.6
4763	1	64038.5
4764	1	-86073
4765	1	47745.1
4766	1	-9170.04
4767	1	21119
4768	1	-15417
4769	1	-73994.4
4770	1	-78530.8
4771	1	-35582.8
4772	1	-82505.9
4773	1	-16597.1
4774	1	-51307.4
4775	1	79583.8
4776	1	-68501.3
4777	1	42870.9
4778	1	-46136.5
4779	1	-96907.5
4780	1	-15139.5
4781	1	-56084.4
4782	1	-65059.4
4783	1	-80157.2
4784	1	77910.5
4785	1	-14341
4786	1	-97311.8
4787	1	39012.2
4788	1	63137.1
4789	1	-37944
4790	1	3632.73
4791	1	-88563.5
4792	1	38291.1
4793	1	31022.1
4794	1	-19320.9
4795	1	-53373.4
4796	1	60470.4
4797	1	-68179.1
4798	1	-53126.3
4799	1	-83857.8
4800	1	-47596.6
4801	1	8690.37
4802	1	11424.4
4803	1	42348
4804	1	65615.4
4805	1	93417.2
4806	1	-3673.59
4807	1	-97687.4
4808	1	75699.5
4809	1	-89386
4810	1	-96448.3
4811	1	-2721.7
4812	1	79423.2
4813	1	-64701.2
4814	1	-81623.3
4815	1	87111.4
4816	1	-87988.7
4817	1	21084.7
4818	1	52635.8
4819	1	-72241.5
4820	1	-73865.5
4821	1	-24450.8
4822	1	28450.7
4823	1	93749.3
4824	1	60496.7
4825	1	-86950.8
4826	1	39753.4
4827	1	40389
4828	1	81926.7
4829	1	65343.9
4830	1	30159.8
4831	1	-38539.8
4832	1	28741.3
4833	1	67682.6
4834	1	-14590.6
4835	1	73149.7
4836	1	-4897.24
4837	1	97067
4838	1	43401.9
4839	1	95520.1
4840	1	53671.8
4841	1	87304.7
4842	1	-88154.2
4843	1	-59121.6
4844	1	-81829.5
4845	1	-3865.54
4846	1	70161.5
4847	1	57588.9
4848	1	7182.84
4849	1	-20547.3
4850	1	-86004.9
4851	1	26634.1
4852	1	-38413.3
4853	1	-17416.3
4854	1	47571.4
4855	1	-83122.1
4856	1	23139.9
4857	1	-41891
4858	1	16764.3
4859	1	-61872.9
4860	1	6735.74
4861	1	53425.1
4862	1	33937.1
4863	1	-7021.64
4864	1	-41257.6
4865	1	-1317.4
4866	1	-15168
4867	1	90109.1
4868	1	-88944.8
4869	1	75001.1
4870	1	-60439.2
4871	1	-26019.8
4872	1	95990
4873	1	18934.4
4874	1	-17629.6
4875	1	-83245.2
4876	1	44008.1
4877	1	-49865.9
4878	1	52290.1
4879	1	897.133
4880	1	-42531
4881	1	37601.1
4882	1	-59545.2
4883	1	91624.6
4884	1	27534.7
