4941	1	4941
1	1	26953.8
2	1	-78575.5
3	1	59222.2
4	1	-91302.8
5	1	-46062.7
6	1	-29881.5
7	1	20942.6
8	1	45692.5
9	1	62142.4
10	1	-10249.6
11	1	-5597.87
12	1	-76083.7
13	1	-92451.1
14	1	-84115.3
15	1	49325.3
16	1	36288
17	1	-42000.5
18	1	93917.3
19	1	33209.3
20	1	25712.6
21	1	33415.1
22	1	-3702.23
23	1	10119
24	1	92691.2
25	1	-62413.1
26	1	-72509.7
27	1	93787.6
28	1	92267
29	1	91878.4
30	1	-12018.9
31	1	36719.9
32	1	70906
33	1	-78776.1
34	1	-36207.1
35	1	74137.5
36	1	-5452.71
37	1	-55694.7
38	1	-74904.7
39	1	70705.4
40	1	-60130.3
41	1	-43655.5
42	1	22090.7
43	1	-40191.2
44	1	75559.4
45	1	-77823.4
46	1	-84490.1
47	1	14828.9
48	1	72539.3
49	1	-14951.6
50	1	-24495.1
51	1	-77199.8
52	1	-84315.7
53	1	-25649.7
54	1	-48636.5
55	1	-13955
56	1	-56731.7
57	1	-14547.9
58	1	21408.9
59	1	-67487.7
60	1	-78716.2
61	1	81925.3
62	1	-73422
63	1	-3152.93
64	1	79003.5
65	1	-45958.8
66	1	85183.2
67	1	16125
68	1	-40473
69	1	-67378.5
70	1	-94486
71	1	-18051.2
72	1	55987.4
73	1	61084.4
74	1	19890.1
75	1	-54536.4
76	1	-75045.7
77	1	-81654.2
78	1	-62006.3
79	1	-45778.7
80	1	74240
81	1	77857.9
82	1	-59418.8
83	1	23365.3
84	1	-6249.53
85	1	20089.3
86	1	-74629.5
87	1	17041.9
88	1	-71808.7
89	1	-29162.4
90	1	-73031.1
91	1	-12073.5
92	1	-6098.26
93	1	-6593.09
94	1	-87205
95	1	-80990.7
96	1	29819.1
97	1	44897.8
98	1	-67869.8
99	1	-88114.2
100	1	44402.9
101	1	-81977.3
102	1	45753.4
103	1	-6016.75
104	1	40908.2
105	1	19025.1
106	1	-28570.2
107	1	15828.1
108	1	-73296.1
109	1	42205.8
110	1	-27639.1
111	1	-11583.8
112	1	71811.8
113	1	39153.4
114	1	-38782.5
115	1	-73142.5
116	1	80845
117	1	-53649.3
118	1	-11290.5
119	1	17247.6
120	1	48026.2
121	1	-61978.1
122	1	67190.5
123	1	-40698.4
124	1	-32306.8
125	1	59075.1
126	1	93765.6
127	1	-5416.38
128	1	-24278.9
129	1	41563.2
130	1	-20084
131	1	-40151.9
132	1	-61145.9
133	1	-3788.24
134	1	3961.45
135	1	44570.4
136	1	37305.7
137	1	-99493.5
138	1	-65795
139	1	86126.9
140	1	40792.7
141	1	-48206
142	1	-42029.8
143	1	41958.5
144	1	-98431.3
145	1	40197.8
146	1	-66879.7
147	1	66653.4
148	1	-37790.1
149	1	91024.8
150	1	-85501.4
151	1	82879.6
152	1	-33747
153	1	98428.8
154	1	88459.3
155	1	-83354.4
156	1	-38284.7
157	1	-4295.45
158	1	50081.4
159	1	-50141.3
160	1	15275.7
161	1	-42348.8
162	1	78201
163	1	59044
164	1	-76002.7
165	1	-52483.4
166	1	-37949.9
167	1	57953.2
168	1	-93239
169	1	14333.6
170	1	77573.4
171	1	45031
172	1	-57852.3
173	1	-39977.3
174	1	-23533.9
175	1	43672.5
176	1	6207.13
177	1	13861.9
178	1	48511.5
179	1	-72061.8
180	1	66699.6
181	1	52191.2
182	1	-35641.2
183	1	1571.34
184	1	-69280.8
185	1	-92196.8
186	1	31726.9
187	1	-37069.8
188	1	38103.5
189	1	22375.6
190	1	90568.5
191	1	-74847.4
192	1	-24188.2
193	1	4294.73
194	1	19951.7
195	1	-96601.8
196	1	76793.2
197	1	-6578.37
198	1	-83779.8
199	1	80087.1
200	1	-58412.4
201	1	-38523
202	1	95874.5
203	1	-97458.2
204	1	-23847.3
205	1	-82331.9
206	1	-84978.5
207	1	-27026.4
208	1	54987.1
209	1	69782.3
210	1	69381.3
211	1	-39729.6
212	1	59897.8
213	1	-43780.4
214	1	-25180.9
215	1	34478.7
216	1	-28642.6
217	1	-10862.6
218	1	-75747.9
219	1	-61648.9
220	1	89239.2
221	1	-94966.8
222	1	68010
223	1	52913.9
224	1	13174.5
225	1	89288.7
226	1	-25397.2
227	1	-99562.5
228	1	40212.7
229	1	18439.1
230	1	-91469.9
231	1	68586.4
232	1	2798.16
233	1	-86845.6
234	1	79289.4
235	1	44414.6
236	1	-85643.3
237	1	22317.2
238	1	-40163.9
239	1	-43135.5
240	1	-46480.1
241	1	-31687.6
242	1	36674.9
243	1	92480.5
244	1	-47839
245	1	-53490.5
246	1	-43974.1
247	1	-57865
248	1	-6830.94
249	1	-84646.3
250	1	-6966.75
251	1	99742.7
252	1	90650.6
253	1	32606.6
254	1	-17106.5
255	1	-97922.5
256	1	31115.3
257	1	27298.6
258	1	8706.47
259	1	4217.72
260	1	42310.7
261	1	-15390.2
262	1	-85021.7
263	1	30651.2
264	1	-95411.1
265	1	-90621.3
266	1	-91582.4
267	1	-57394.1
268	1	-2525.18
269	1	66663.5
270	1	27345.3
271	1	15869.5
272	1	41866
273	1	-25915.9
274	1	-82220.8
275	1	37322.4
276	1	-83454.3
277	1	-75579.6
278	1	-65041.2
279	1	29353.9
280	1	7740.36
281	1	-76614
282	1	699.164
283	1	85246.5
284	1	68854.2
285	1	-26152.9
286	1	45424.3
287	1	31970.1
288	1	-7958.37
289	1	-11425.8
290	1	9981.66
291	1	34584.7
292	1	89437.5
293	1	51761.4
294	1	96728.8
295	1	-41486.1
296	1	-98218.2
297	1	75274.7
298	1	89756.7
299	1	74294.3
300	1	-89959.6
301	1	90241
302	1	86099.8
303	1	-6639.69
304	1	-73271.5
305	1	-81134.1
306	1	-24313.1
307	1	-82811.1
308	1	75356
309	1	-85556.6
310	1	36282.6
311	1	-23283.2
312	1	11083.8
313	1	5931.52
314	1	-89052.8
315	1	-90987.6
316	1	-75418.2
317	1	84194.9
318	1	49148.5
319	1	35113.2
320	1	-30759.4
321	1	-84762.4
322	1	54346.1
323	1	40382.5
324	1	13733.1
325	1	-48528.2
326	1	-57292.2
327	1	65577.5
328	1	90102.4
329	1	-41704.4
330	1	-3610.58
331	1	40882.3
332	1	-64530.6
333	1	-97277.5
334	1	69651.1
335	1	18259.3
336	1	14788.9
337	1	56820.2
338	1	-11947.5
339	1	-64965
340	1	68521.7
341	1	-66135.9
342	1	-23323.5
343	1	98182.5
344	1	-12074.7
345	1	85499
346	1	36425.5
347	1	-30621.6
348	1	-20750.4
349	1	36888.4
350	1	83657.3
351	1	97008.9
352	1	-49116.1
353	1	-7405.45
354	1	-32770.1
355	1	5442.18
356	1	97489.8
357	1	-78469
358	1	10960.9
359	1	-23086.2
360	1	-50473
361	1	-55536.9
362	1	-30957.7
363	1	-57702.6
364	1	98062.9
365	1	17618.2
366	1	31319.3
367	1	82117.5
368	1	-44926.7
369	1	-97011.3
370	1	-60764.1
371	1	-2841.32
372	1	74606.3
373	1	-16453
374	1	-68325.5
375	1	76011.7
376	1	-42261.9
377	1	34419.5
378	1	-39148.2
379	1	83156.3
380	1	54074.6
381	1	-67942
382	1	-22854.9
383	1	-39680.7
384	1	28870
385	1	-16503.7
386	1	77985.2
387	1	-67727.8
388	1	-6571.02
389	1	-40077.4
390	1	-726.309
391	1	40785.2
392	1	-13953.8
393	1	57297.3
394	1	-93478.6
395	1	-28305
396	1	29444.5
397	1	-15394.2
398	1	-68161.3
399	1	68618.8
400	1	26768.2
401	1	-18860.4
402	1	-4777.53
403	1	10974
404	1	-99550.8
405	1	18248.2
406	1	-56931.8
407	1	86823.8
408	1	-56323.2
409	1	23070.1
410	1	-79216.7
411	1	51603.7
412	1	-59913.5
413	1	-20822.7
414	1	-46346.9
415	1	-21119.1
416	1	-38618.8
417	1	92539.3
418	1	-61700.7
419	1	46801.2
420	1	26747.3
421	1	-38633.6
422	1	-64306.4
423	1	-75972.5
424	1	94733.5
425	1	-9059.09
426	1	481.925
427	1	78640
428	1	-26910.3
429	1	-59949
430	1	-27737.8
431	1	-61802.8
432	1	88574.9
433	1	58091.2
434	1	-20872.6
435	1	11330.6
436	1	-74655.8
437	1	56978.2
438	1	-34311.2
439	1	8652.99
440	1	28222
441	1	57676.8
442	1	-98837.3
443	1	33415.6
444	1	-8038.2
445	1	79894.5
446	1	89629.4
447	1	-92788.3
448	1	62004
449	1	-96304.2
450	1	59977.5
451	1	93727.1
452	1	-25052.5
453	1	-96944.5
454	1	48111.8
455	1	-57552.6
456	1	-43290
457	1	-35378.3
458	1	97293.5
459	1	31982
460	1	86426.2
461	1	30916.4
462	1	-96150.1
463	1	89499.2
464	1	86970.9
465	1	13392.3
466	1	-51471
467	1	-53603.6
468	1	-82210.9
469	1	-76928.7
470	1	79091.2
471	1	97393.2
472	1	39181.6
473	1	-58597.2
474	1	-83651.4
475	1	28286.6
476	1	-43414.1
477	1	-44279.7
478	1	-80391.3
479	1	33779.8
480	1	29159.4
481	1	19850.8
482	1	10697.5
483	1	47039.6
484	1	99620.7
485	1	-20986.2
486	1	-12415.5
487	1	-72474.5
488	1	-47838
489	1	-17263.2
490	1	-55760.7
491	1	-47760.8
492	1	46392.4
493	1	-46464.6
494	1	-42257.8
495	1	-71278.1
496	1	-9474.38
497	1	-78887
498	1	33260
499	1	5115.79
500	1	51178.4
501	1	10268.5
502	1	-97392.2
503	1	23087.1
504	1	86920.9
505	1	88195.6
506	1	-64744.8
507	1	19514.4
508	1	15561.4
509	1	48962.7
510	1	-34682.3
511	1	-33132.3
512	1	-94884.1
513	1	97040.8
514	1	5303.17
515	1	82811.3
516	1	45824.6
517	1	76114.7
518	1	-93772.8
519	1	-7707.17
520	1	-50942.7
521	1	62116.2
522	1	85598.6
523	1	31658.9
524	1	-64238
525	1	-16814.7
526	1	60306.2
527	1	53512.8
528	1	-83680
529	1	53044.7
530	1	36136.3
531	1	63827.3
532	1	-85953.2
533	1	14433.3
534	1	-63670.7
535	1	-94868.5
536	1	2569.53
537	1	-53801.1
538	1	50293.2
539	1	-53441
540	1	6236.46
541	1	-55353.7
542	1	-53581.7
543	1	79856.1
544	1	-74468.6
545	1	39125.2
546	1	-77528.7
547	1	-17357.9
548	1	-84974.8
549	1	-787.502
550	1	-45724.5
551	1	41120.9
552	1	88797
553	1	63131.3
554	1	10631.1
555	1	32766.7
556	1	-25646.9
557	1	35270.8
558	1	13791
559	1	74720.9
560	1	-67456.4
561	1	-57292.1
562	1	79629.8
563	1	-96256.3
564	1	80501
565	1	-99951.9
566	1	41780.9
567	1	32294.1
568	1	45346.8
569	1	-57861.3
570	1	42088.6
571	1	-97543.5
572	1	-97733.8
573	1	55695.4
574	1	-96443.2
575	1	-32374.3
576	1	86501.5
577	1	45154.3
578	1	-29772.3
579	1	-56143.1
580	1	82242.3
581	1	43414.8
582	1	-80261.8
583	1	-19536.2
584	1	75644.1
585	1	35770.1
586	1	97300.1
587	1	-5503.29
588	1	-22028.6
589	1	36531.4
590	1	25900.2
591	1	-6072.85
592	1	-4159.49
593	1	-61888
594	1	-96735.7
595	1	-69854.3
596	1	23161.7
597	1	43631.3
598	1	-30727.3
599	1	-86636.3
600	1	-94236.5
601	1	82816.3
602	1	6466.61
603	1	-55381.1
604	1	24438.9
605	1	-49816.1
606	1	39505.4
607	1	55969.2
608	1	37438.9
609	1	-49766.9
610	1	-79909.9
611	1	-81654.4
612	1	34949.6
613	1	27420.9
614	1	-11552.6
615	1	-60114.6
616	1	51354.4
617	1	36806.6
618	1	11611.5
619	1	68273.8
620	1	-41602.5
621	1	29576.8
622	1	76041.5
623	1	-27198.5
624	1	-98902.4
625	1	-36151.4
626	1	76336.3
627	1	75788.1
628	1	-88452.2
629	1	-451.658
630	1	-95843.9
631	1	44103
632	1	-69369.2
633	1	-7837.04
634	1	-50904.7
635	1	-34628.8
636	1	-83630.8
637	1	60448.5
638	1	-20147.1
639	1	49425.7
640	1	-83312.1
641	1	93537.1
642	1	47439.7
643	1	-43428.7
644	1	-86481
645	1	-65303
646	1	-19450.6
647	1	1578
648	1	-29310.5
649	1	-76170.2
650	1	64768.6
651	1	57409.1
652	1	-63917.9
653	1	18570.9
654	1	-48059.8
655	1	41771.1
656	1	38592.1
657	1	92613.2
658	1	-28263
659	1	22501.1
660	1	-36651.6
661	1	-74559.2
662	1	15773.6
663	1	59277.5
664	1	-37121
665	1	35875.9
666	1	-49874.9
667	1	-15762.4
668	1	74101.5
669	1	-8503.18
670	1	-60280.5
671	1	58891.3
672	1	-19048.7
673	1	69780.5
674	1	39092.5
675	1	10247.7
676	1	-98763.8
677	1	53789.1
678	1	8946.62
679	1	-62803.9
680	1	91278
681	1	15668.4
682	1	-42512.2
683	1	-39391.5
684	1	-17620.2
685	1	-95480.2
686	1	3539.8
687	1	58641.7
688	1	-64144.2
689	1	72572.9
690	1	48512.8
691	1	-56341.3
692	1	53485.5
693	1	82402.7
694	1	-14876.6
695	1	-67820.6
696	1	-84770.9
697	1	26913.1
698	1	-49279.9
699	1	71178.1
700	1	44167.8
701	1	69757.6
702	1	84303.7
703	1	-73470.8
704	1	57904.3
705	1	-40204.4
706	1	29033.1
707	1	87272.5
708	1	-70066.1
709	1	-31211.2
710	1	-8680.93
711	1	52470.8
712	1	99800.5
713	1	12830.7
714	1	33838.7
715	1	48285.6
716	1	65452
717	1	-56975.2
718	1	4581.37
719	1	58169.8
720	1	-15231
721	1	95096
722	1	-83392.3
723	1	-38127.4
724	1	33140.3
725	1	60175.1
726	1	-40000.8
727	1	90133.4
728	1	51624.1
729	1	32816.4
730	1	-21910.3
731	1	66718
732	1	-53984.5
733	1	64843.3
734	1	-85359.6
735	1	42131.8
736	1	-69980.6
737	1	-1724.13
738	1	85642.5
739	1	-84302.3
740	1	-92058.7
741	1	9606.21
742	1	-84848.3
743	1	-30400.1
744	1	-86659.2
745	1	-56647.4
746	1	-10407
747	1	10982.4
748	1	27005.1
749	1	58992.5
750	1	22840.1
751	1	85627.9
752	1	45229.2
753	1	-75293.1
754	1	-35852.8
755	1	-96501.7
756	1	78867.7
757	1	-5552.14
758	1	68274.4
759	1	98497.5
760	1	51841.8
761	1	82194.4
762	1	9157.34
763	1	-44558.3
764	1	-73868.6
765	1	74236.3
766	1	-83809.9
767	1	18358.8
768	1	-51589.9
769	1	-31088.6
770	1	46792.8
771	1	-61769.3
772	1	34629.7
773	1	95039.8
774	1	99195.1
775	1	-17443.8
776	1	75581
777	1	-15270.3
778	1	74021
779	1	55106.7
780	1	33729.6
781	1	-67426
782	1	45919.7
783	1	-82622
784	1	34288
785	1	9101.16
786	1	66406.2
787	1	33346.2
788	1	-51724.9
789	1	-15378
790	1	-77834.8
791	1	4029.77
792	1	54761.4
793	1	-26082.8
794	1	-43852.3
795	1	-52877.1
796	1	77990.8
797	1	92193.2
798	1	-35456.1
799	1	84822.8
800	1	-96063.5
801	1	-34800.5
802	1	91498.3
803	1	-75507
804	1	-45833.9
805	1	-64929.5
806	1	14247.7
807	1	-19919.4
808	1	50456
809	1	-52553
810	1	-62038.4
811	1	-511.748
812	1	-37029.3
813	1	-96766.1
814	1	-95131.7
815	1	37228
816	1	89422.1
817	1	84939.8
818	1	63781
819	1	58005.7
820	1	-34286
821	1	-78841.6
822	1	36484.1
823	1	93808.6
824	1	-44943.6
825	1	33760.7
826	1	-97964.5
827	1	60767.3
828	1	-5855.23
829	1	-27605.4
830	1	11581.3
831	1	40204.4
832	1	-4099.46
833	1	95419
834	1	-25202.4
835	1	-81226
836	1	63485.8
837	1	37082.5
838	1	76513.4
839	1	1603.48
840	1	-67621.6
841	1	-48666.1
842	1	-91657.8
843	1	-19809.2
844	1	-34071.8
845	1	-6322.68
846	1	13680.9
847	1	-77838.1
848	1	-83883.8
849	1	21980.3
850	1	-66275.4
851	1	-77794.2
852	1	-29062.4
853	1	-13854.3
854	1	56716.2
855	1	-82255.2
856	1	635.697
857	1	-40056.1
858	1	89707.6
859	1	-9494.32
860	1	97860.4
861	1	73014.9
862	1	-6535.55
863	1	-31948.6
864	1	89784.9
865	1	-5694.69
866	1	71751.5
867	1	88856.3
868	1	3726.11
869	1	15153.8
870	1	2576.16
871	1	-44450.4
872	1	89840.7
873	1	10246.5
874	1	-60841.9
875	1	-41781.9
876	1	-91742.1
877	1	53095.8
878	1	63025.6
879	1	-65066.4
880	1	-92863.5
881	1	94263.4
882	1	48250.7
883	1	-66091.9
884	1	-22196.5
885	1	35414.9
886	1	-83077
887	1	39445.1
888	1	67436.7
889	1	-76913.6
890	1	26560.1
891	1	40442.4
892	1	-26927.9
893	1	50367.1
894	1	22654
895	1	-59580
896	1	42173.2
897	1	-10968.3
898	1	-41621.4
899	1	93849.8
900	1	-93203.2
901	1	69639.2
902	1	-23949.2
903	1	-62020.3
904	1	-13819.6
905	1	-58776.8
906	1	-51071.4
907	1	-77785.4
908	1	-73409.7
909	1	-36666.9
910	1	-44839.2
911	1	-67239
912	1	-10659.5
913	1	-75011.5
914	1	-56597.5
915	1	-90058.1
916	1	-62048.2
917	1	8624.17
918	1	1866.59
919	1	86174.4
920	1	-42448.7
921	1	94472.4
922	1	-72323.2
923	1	-32457.2
924	1	-18190.9
925	1	-37234.4
926	1	-87852.1
927	1	43825.1
928	1	-70349.7
929	1	-69432.4
930	1	29742.7
931	1	28994.2
932	1	46681.1
933	1	75087.2
934	1	16778.3
935	1	-92046.2
936	1	-68891.9
937	1	-49268.9
938	1	-58471.7
939	1	83380.5
940	1	90300.4
941	1	73778.6
942	1	-39172.6
943	1	-68096.8
944	1	88851.6
945	1	30733.5
946	1	-60458.7
947	1	-13766
948	1	87100.9
949	1	-52499.6
950	1	78853.9
951	1	-76609.6
952	1	-10861.3
953	1	-12839.4
954	1	-48005.8
955	1	61412.3
956	1	-69341.6
957	1	74934.3
958	1	64183.9
959	1	-40013
960	1	10352.7
961	1	23911.1
962	1	-43319.2
963	1	-85237
964	1	-12899.2
965	1	8143.08
966	1	43102.3
967	1	38384.6
968	1	2488.67
969	1	-70717.4
970	1	-55869.8
971	1	4807.99
972	1	16446.4
973	1	-26322.8
974	1	-2467.42
975	1	99432.7
976	1	-6706.4
977	1	59753.1
978	1	89171
979	1	67976.5
980	1	1623.65
981	1	-70633.5
982	1	-93460.7
983	1	41321.8
984	1	60798.8
985	1	10508.2
986	1	-47681.6
987	1	30608.3
988	1	9351.4
989	1	-3077.92
990	1	-47558.4
991	1	25343.2
992	1	-60183.4
993	1	14306
994	1	61513.1
995	1	-8653.22
996	1	-34781.5
997	1	-38720
998	1	-73048.8
999	1	30391.8
1000	1	20298.6
1001	1	-96148.6
1002	1	30581.9
1003	1	-84296.1
1004	1	9300.65
1005	1	75852.6
1006	1	-13314.3
1007	1	-51472
1008	1	-53872
1009	1	76578.5
1010	1	36898.5
1011	1	48103.1
1012	1	-34281.5
1013	1	-78162.4
1014	1	-14208.5
1015	1	8068.64
1016	1	-32205.7
1017	1	-53544.2
1018	1	49270.9
1019	1	-92409.1
1020	1	-90816.6
1021	1	-96057.6
1022	1	33186.7
1023	1	6986.66
1024	1	48637.4
1025	1	91625.4
1026	1	96953.2
1027	1	-64175.4
1028	1	24720.8
1029	1	73394.7
1030	1	2213.74
1031	1	-49391.4
1032	1	59705.3
1033	1	-69958.1
1034	1	45570.5
1035	1	34159.1
1036	1	93455.6
1037	1	-74637.8
1038	1	-45156.5
1039	1	-98250.3
1040	1	-58034.3
1041	1	-87293.3
1042	1	-92195.8
1043	1	-77488.8
1044	1	-54318.3
1045	1	-14517.7
1046	1	73882.3
1047	1	-61790.5
1048	1	-36243.7
1049	1	50807.5
1050	1	-5559.09
1051	1	53472.5
1052	1	-40202
1053	1	19179.5
1054	1	59357.1
1055	1	2458.14
1056	1	-55749.8
1057	1	-35081.1
1058	1	-60104.8
1059	1	-87742.5
1060	1	90401
1061	1	99269.8
1062	1	-39251.9
1063	1	-99042.5
1064	1	-22137
1065	1	76391.4
1066	1	-48358.6
1067	1	10547.1
1068	1	-25918.7
1069	1	57774.3
1070	1	99896.5
1071	1	62360.1
1072	1	-57394.1
1073	1	27586.2
1074	1	64640.1
1075	1	87523.5
1076	1	78880
1077	1	-4424.27
1078	1	-20363.5
1079	1	85205.4
1080	1	89721.3
1081	1	30738.1
1082	1	-99955.2
1083	1	10628.2
1084	1	39536
1085	1	-9279.8
1086	1	38907.6
1087	1	-14292.9
1088	1	11682.3
1089	1	-97570.3
1090	1	-41806.6
1091	1	-72341.4
1092	1	38817.2
1093	1	13170.7
1094	1	-410.024
1095	1	39420.2
1096	1	-58225
1097	1	64397.1
1098	1	14082
1099	1	-3901.24
1100	1	20377.3
1101	1	7924.55
1102	1	32181.1
1103	1	-18638.5
1104	1	-17380.6
1105	1	53821.3
1106	1	-65579.4
1107	1	63983.8
1108	1	5798.8
1109	1	66158.4
1110	1	-75614.4
1111	1	87444
1112	1	96336
1113	1	27226.4
1114	1	94576.7
1115	1	71151
1116	1	10588.1
1117	1	-62406.5
1118	1	-9995.85
1119	1	37207
1120	1	-27625.9
1121	1	-14159.8
1122	1	24260.3
1123	1	85965.5
1124	1	50661.7
1125	1	98920
1126	1	22073.2
1127	1	-31980.6
1128	1	-89961.3
1129	1	24411.6
1130	1	11749.3
1131	1	62672.6
1132	1	92451.9
1133	1	-58243
1134	1	-45251.1
1135	1	-33057.9
1136	1	-49184.5
1137	1	-55823.6
1138	1	96955.6
1139	1	-79045.2
1140	1	-91391.3
1141	1	93000.2
1142	1	-97089.6
1143	1	-10232.8
1144	1	59226.6
1145	1	-92450.1
1146	1	-71750.5
1147	1	-58093.8
1148	1	22026.8
1149	1	-78759
1150	1	82520.2
1151	1	60403.3
1152	1	28506.5
1153	1	-82494.2
1154	1	93293.1
1155	1	49140.9
1156	1	11608.6
1157	1	13118.6
1158	1	43619.3
1159	1	-62572.1
1160	1	53448.1
1161	1	77222
1162	1	-9466.8
1163	1	-88332
1164	1	-79640.6
1165	1	-77414.6
1166	1	91567.9
1167	1	73791
1168	1	-34850.2
1169	1	-12296.5
1170	1	-78279.1
1171	1	37695.1
1172	1	-34357.3
1173	1	-59779.5
1174	1	-63805.4
1175	1	66597.9
1176	1	11062.9
1177	1	55803.3
1178	1	74434.6
1179	1	-88154.6
1180	1	-38357.8
1181	1	61020.8
1182	1	-6318.59
1183	1	71056.8
1184	1	-6737.33
1185	1	-94960.1
1186	1	25175.4
1187	1	-15746.8
1188	1	78457.5
1189	1	-18840.4
1190	1	-50388.3
1191	1	14224.4
1192	1	-91606.3
1193	1	43148.1
1194	1	90455.9
1195	1	43594.2
1196	1	39515.2
1197	1	-33459.6
1198	1	-43681.1
1199	1	-16164.2
1200	1	31704.4
1201	1	-65738.5
1202	1	-31340.4
1203	1	54374.1
1204	1	77610.2
1205	1	45965.4
1206	1	-9713.82
1207	1	-79345.2
1208	1	-88881.6
1209	1	-51551.3
1210	1	-29353.1
1211	1	19054.6
1212	1	21989.5
1213	1	53838.9
1214	1	98048.1
1215	1	85970.1
1216	1	-74105.5
1217	1	-16926.7
1218	1	-1978.05
1219	1	83030
1220	1	33301.6
1221	1	-9619.61
1222	1	-48978.5
1223	1	14704.6
1224	1	16696.8
1225	1	-9116.72
1226	1	-96513.4
1227	1	-56831.5
1228	1	-22144.9
1229	1	52904.1
1230	1	-36560.6
1231	1	-86680.4
1232	1	-60981.1
1233	1	-43592.5
1234	1	-52771.4
1235	1	85702.8
1236	1	30428
1237	1	83905.9
1238	1	74425.9
1239	1	20537.6
1240	1	-27336.9
1241	1	-76671.9
1242	1	3739.97
1243	1	-4140.31
1244	1	-12883.9
1245	1	12133.6
1246	1	90861.9
1247	1	97465.2
1248	1	82773
1249	1	48381.1
1250	1	-58815.5
1251	1	-19962.7
1252	1	71126.5
1253	1	-81605.1
1254	1	-97103.5
1255	1	58200.4
1256	1	-76339.5
1257	1	95865.1
1258	1	84727.4
1259	1	13745.3
1260	1	-14349.8
1261	1	-9023.96
1262	1	37658.5
1263	1	-58249
1264	1	69627.8
1265	1	74081.8
1266	1	89115.8
1267	1	-93851.6
1268	1	-54942.7
1269	1	14408.2
1270	1	-95562.8
1271	1	77180.5
1272	1	67968.9
1273	1	-63902.2
1274	1	28345.7
1275	1	-22254.5
1276	1	-3562.63
1277	1	-40016.3
1278	1	-10798.7
1279	1	26780.8
1280	1	48138.7
1281	1	-75408.4
1282	1	11979.7
1283	1	51135.6
1284	1	-71079.8
1285	1	-62235
1286	1	29147.8
1287	1	-9181.88
1288	1	-12974
1289	1	89143.1
1290	1	47721
1291	1	79013
1292	1	-66198.5
1293	1	-30002.4
1294	1	59993.6
1295	1	-68152.9
1296	1	91739.5
1297	1	38342.3
1298	1	-95373.2
1299	1	-35608.2
1300	1	-40362.8
1301	1	-59390.6
1302	1	-44383.9
1303	1	-81310.3
1304	1	30572.6
1305	1	-22553.8
1306	1	99422.4
1307	1	-16624.4
1308	1	-76523.3
1309	1	43682.4
1310	1	-31177.9
1311	1	-66357.2
1312	1	-17361.5
1313	1	-24527.2
1314	1	-98157.3
1315	1	-30517.7
1316	1	-60902
1317	1	-27723.3
1318	1	-16386.9
1319	1	-72613.1
1320	1	-18389
1321	1	-93112.3
1322	1	-22954.1
1323	1	-92034.7
1324	1	-73502.8
1325	1	-56020.1
1326	1	-83387
1327	1	-33586
1328	1	76260.5
1329	1	-35497.6
1330	1	32961.2
1331	1	34364.7
1332	1	6080.57
1333	1	-44983.2
1334	1	-16409.3
1335	1	-18127.5
1336	1	17421.1
1337	1	-80852.2
1338	1	31169.3
1339	1	30858.7
1340	1	-37395
1341	1	-74152.6
1342	1	34364.6
1343	1	91842.6
1344	1	-39175.8
1345	1	39912.6
1346	1	-92515.8
1347	1	42684.1
1348	1	24649.4
1349	1	-77136.4
1350	1	-36496.6
1351	1	27688
1352	1	-27704.3
1353	1	-76569.7
1354	1	25936.2
1355	1	30031.3
1356	1	75210.4
1357	1	-86658.7
1358	1	-41634.1
1359	1	19598.9
1360	1	-44005.7
1361	1	53529.4
1362	1	-45095.8
1363	1	-68840.5
1364	1	11634.4
1365	1	-26995.1
1366	1	76280.7
1367	1	8427.9
1368	1	-71419.3
1369	1	-83157.9
1370	1	-82978.6
1371	1	7969.24
1372	1	55544.5
1373	1	-5007.48
1374	1	-30761.5
1375	1	-89138.1
1376	1	76972.2
1377	1	-21790.2
1378	1	-89695.4
1379	1	50990.4
1380	1	-46721.6
1381	1	55789.5
1382	1	-70983.7
1383	1	-1120.39
1384	1	-69175.3
1385	1	90984.1
1386	1	-475.922
1387	1	-62748
1388	1	92066.2
1389	1	-16549.1
1390	1	56683.1
1391	1	87484.3
1392	1	-81256.6
1393	1	-43495.7
1394	1	27435.7
1395	1	-60164.4
1396	1	-60874.1
1397	1	-57603.7
1398	1	-18799.2
1399	1	-34908.6
1400	1	39373.9
1401	1	-72150.3
1402	1	-54645
1403	1	-84169.7
1404	1	40319.7
1405	1	5205.41
1406	1	-92734.1
1407	1	-92919.8
1408	1	99982.1
1409	1	-53170.6
1410	1	68614.1
1411	1	66172.9
1412	1	-65571.7
1413	1	42351.8
1414	1	37189.9
1415	1	-82880.2
1416	1	-96675.2
1417	1	7817.86
1418	1	5576.62
1419	1	13819.9
1420	1	-40447
1421	1	-33763.8
1422	1	30246.8
1423	1	-8519.64
1424	1	-39554.4
1425	1	-96983.8
1426	1	80946.9
1427	1	-44974.2
1428	1	-62879
1429	1	-73325.1
1430	1	-46846.5
1431	1	-949.249
1432	1	97275.3
1433	1	-23302.8
1434	1	11433.2
1435	1	35522.3
1436	1	87225.6
1437	1	73777.7
1438	1	-48026.4
1439	1	-1695.5
1440	1	-70417.4
1441	1	-3776.93
1442	1	70541.6
1443	1	57027
1444	1	-88088.1
1445	1	30060.5
1446	1	-54403.2
1447	1	4547.09
1448	1	-58415
1449	1	55795.6
1450	1	15091.9
1451	1	86186.1
1452	1	-50578.1
1453	1	31763.6
1454	1	89253.8
1455	1	64234.8
1456	1	-5222.52
1457	1	-71217
1458	1	16016.2
1459	1	-96037.7
1460	1	17245.1
1461	1	-95257.5
1462	1	67722.7
1463	1	-85411.4
1464	1	37939.9
1465	1	-32072.8
1466	1	3451.64
1467	1	79751.3
1468	1	-54838.8
1469	1	-8866.69
1470	1	-86108.8
1471	1	84484.3
1472	1	78960.7
1473	1	57634.1
1474	1	-1056.29
1475	1	-82986
1476	1	-56160.9
1477	1	37033.8
1478	1	-19049.8
1479	1	-47659.7
1480	1	-30789
1481	1	82983.8
1482	1	-46523.9
1483	1	66031.7
1484	1	-38133.6
1485	1	98072.1
1486	1	-44277.8
1487	1	-9069.23
1488	1	85148.7
1489	1	-63957
1490	1	66553.1
1491	1	-18565.6
1492	1	-7779.17
1493	1	96003.4
1494	1	71513
1495	1	44998.7
1496	1	-50759.9
1497	1	-99335
1498	1	98208.8
1499	1	39637.2
1500	1	19817.8
1501	1	417.036
1502	1	75368.6
1503	1	7091.02
1504	1	84939
1505	1	52438.3
1506	1	28983.3
1507	1	-53083.5
1508	1	8519.52
1509	1	24877.4
1510	1	-91223.7
1511	1	-3169.95
1512	1	72763.6
1513	1	-27108.5
1514	1	-59241.7
1515	1	4085.63
1516	1	69141.6
1517	1	14955.5
1518	1	-45455.3
1519	1	-76014.1
1520	1	-2323.11
1521	1	28290.6
1522	1	62204.9
1523	1	-18390.7
1524	1	-82423
1525	1	34995.3
1526	1	-37676.6
1527	1	-74742.2
1528	1	-33356.6
1529	1	-2765.17
1530	1	-994.469
1531	1	-35456.4
1532	1	23521.9
1533	1	-77399
1534	1	89038.7
1535	1	-57886.6
1536	1	68919
1537	1	-69825.8
1538	1	71370.8
1539	1	-11383.8
1540	1	60595.9
1541	1	-83534.9
1542	1	11946
1543	1	-47916.2
1544	1	48138.9
1545	1	-36124.1
1546	1	81815.5
1547	1	96396.4
1548	1	-68359.9
1549	1	94764.4
1550	1	-27806.7
1551	1	19435.4
1552	1	86792.3
1553	1	99068.5
1554	1	19447.4
1555	1	-87476.6
1556	1	28328.5
1557	1	-17891.3
1558	1	-28727.6
1559	1	30853.5
1560	1	90730.4
1561	1	-55626.8
1562	1	75978.1
1563	1	27393.7
1564	1	89738.5
1565	1	-1576.93
1566	1	1903.41
1567	1	49749.8
1568	1	-72358.6
1569	1	-60061.2
1570	1	96487.3
1571	1	-74362.3
1572	1	66311.1
1573	1	1348.02
1574	1	28554.7
1575	1	89487
1576	1	53329.2
1577	1	10034.1
1578	1	43158.9
1579	1	77488.7
1580	1	51279.7
1581	1	85869.1
1582	1	77930
1583	1	71967.2
1584	1	21986.6
1585	1	-22528.6
1586	1	-23981.4
1587	1	43637.9
1588	1	-74785.6
1589	1	52827.5
1590	1	-59404.7
1591	1	35164.2
1592	1	8597.18
1593	1	-72698.2
1594	1	-10872.6
1595	1	91456.5
1596	1	-29999.8
1597	1	-66764.4
1598	1	-76.6908
1599	1	72926
1600	1	-78425.9
1601	1	-53154.6
1602	1	-60298.7
1603	1	-977.528
1604	1	-45654.7
1605	1	-32087.9
1606	1	-13751.7
1607	1	-89037.5
1608	1	-28449.2
1609	1	41424.1
1610	1	13260.2
1611	1	92863.4
1612	1	86977.1
1613	1	-41652.8
1614	1	-53653.4
1615	1	-68800.9
1616	1	60443.5
1617	1	55032.3
1618	1	4563.29
1619	1	-44465.6
1620	1	22223.3
1621	1	18573.7
1622	1	-69404
1623	1	36953.6
1624	1	26314.5
1625	1	82241.5
1626	1	39714.5
1627	1	-5404.84
1628	1	-56488.7
1629	1	55392.1
1630	1	-58799.1
1631	1	-80416.8
1632	1	77626.6
1633	1	-79706.5
1634	1	31559
1635	1	89490
1636	1	-93201.9
1637	1	46342.9
1638	1	80175.4
1639	1	-71085.5
1640	1	-10796.8
1641	1	5925.45
1642	1	90754.1
1643	1	-34451.1
1644	1	54270.6
1645	1	-72180.5
1646	1	1850.09
1647	1	18242.1
1648	1	-98678.6
1649	1	-48120.9
1650	1	-17700.3
1651	1	-39585.6
1652	1	76556.6
1653	1	27138.6
1654	1	-96868.1
1655	1	-40607.8
1656	1	26362.7
1657	1	-26742.9
1658	1	-21068.8
1659	1	59654.5
1660	1	74744
1661	1	-23448.1
1662	1	70295.3
1663	1	14285.5
1664	1	75471.9
1665	1	-56723.7
1666	1	-52274.6
1667	1	-7109.62
1668	1	-5668.33
1669	1	41687.4
1670	1	85299.7
1671	1	-12078.4
1672	1	-59217.1
1673	1	-34588.8
1674	1	-16205
1675	1	-68646.6
1676	1	-21368.1
1677	1	-90875.1
1678	1	26207.7
1679	1	23534.1
1680	1	-96978.3
1681	1	38108
1682	1	-47021
1683	1	42159.2
1684	1	42394.4
1685	1	69894.9
1686	1	-20723.4
1687	1	-71350.9
1688	1	15959.6
1689	1	12298.1
1690	1	-3033.27
1691	1	-86823.5
1692	1	62410.6
1693	1	-85178
1694	1	-40135.2
1695	1	-87795.2
1696	1	-46132.1
1697	1	-37358.8
1698	1	-60205.8
1699	1	9039.34
1700	1	-61483.3
1701	1	-54328.2
1702	1	-20314.5
1703	1	-82326.6
1704	1	-3458.87
1705	1	-78188.4
1706	1	-53973
1707	1	-10768.6
1708	1	-80567
1709	1	-62834.1
1710	1	5225.13
1711	1	-10017.8
1712	1	99242.8
1713	1	-99448.2
1714	1	36631.6
1715	1	-42241
1716	1	-53993.4
1717	1	-20838.5
1718	1	-45339
1719	1	5267.09
1720	1	-73089.1
1721	1	-34103.6
1722	1	40809
1723	1	-26847.4
1724	1	1158.56
1725	1	-77147.1
1726	1	-56429.3
1727	1	75345.4
1728	1	-66150.9
1729	1	52288.5
1730	1	77465.8
1731	1	-12471.9
1732	1	-1329.72
1733	1	79187.9
1734	1	-57964.3
1735	1	75915.3
1736	1	67653.7
1737	1	-57918.5
1738	1	-94406.4
1739	1	20936.1
1740	1	-66325.7
1741	1	14818.3
1742	1	85624.5
1743	1	49320.8
1744	1	79080.9
1745	1	63254.5
1746	1	61566.4
1747	1	-64225.9
1748	1	-87793.9
1749	1	27558.7
1750	1	21729.8
1751	1	-97288.8
1752	1	84312.9
1753	1	51068.3
1754	1	-47779.6
1755	1	-34378.8
1756	1	4483.44
1757	1	-69407.6
1758	1	59200.1
1759	1	-61679.9
1760	1	-63911.3
1761	1	7701.87
1762	1	52545.9
1763	1	-67610.5
1764	1	-25609.3
1765	1	49218.1
1766	1	-56670.3
1767	1	38572.6
1768	1	74125.1
1769	1	-92305.3
1770	1	-4852.18
1771	1	35431
1772	1	23621.7
1773	1	-53091.2
1774	1	99231.2
1775	1	3100.57
1776	1	73341.2
1777	1	-55282.8
1778	1	76706.7
1779	1	-9832.25
1780	1	-50959.2
1781	1	2052.2
1782	1	42356.9
1783	1	19584.6
1784	1	-5359.43
1785	1	-20539.6
1786	1	62773.6
1787	1	45962.6
1788	1	-95553.7
1789	1	22473.8
1790	1	-18324.3
1791	1	3274.03
1792	1	95034.9
1793	1	36309.7
1794	1	32795.2
1795	1	65355.4
1796	1	6090.03
1797	1	-3035.72
1798	1	-9618.23
1799	1	-48904.7
1800	1	66850.3
1801	1	-85525.7
1802	1	63307
1803	1	-23424.2
1804	1	93005.3
1805	1	51683.6
1806	1	25903.4
1807	1	-41665
1808	1	-61923.5
1809	1	598.703
1810	1	-74906.9
1811	1	47353.6
1812	1	99526.6
1813	1	45542.8
1814	1	38079.2
1815	1	16243
1816	1	38608.9
1817	1	-33082.2
1818	1	-63782.1
1819	1	-20505.2
1820	1	12244.6
1821	1	-11070.6
1822	1	-46162.7
1823	1	98829.6
1824	1	94910.7
1825	1	-69244
1826	1	82420.2
1827	1	4274.66
1828	1	-95219
1829	1	-27163
1830	1	-32088.1
1831	1	13889.6
1832	1	-82942.2
1833	1	-22577.1
1834	1	-5037.46
1835	1	63868.4
1836	1	-95492.7
1837	1	-94005.7
1838	1	21463.1
1839	1	-64148.4
1840	1	-73626.5
1841	1	48167.4
1842	1	8400.91
1843	1	-22570
1844	1	10728.2
1845	1	45625.6
1846	1	38754.1
1847	1	63612.2
1848	1	-28204.9
1849	1	89681.4
1850	1	66434.8
1851	1	22793.8
1852	1	-52218
1853	1	10352.4
1854	1	16917.5
1855	1	-24394.4
1856	1	-47810.1
1857	1	94332.3
1858	1	-32542.5
1859	1	73017
1860	1	-11568.5
1861	1	-67662.6
1862	1	97747.8
1863	1	-64962.4
1864	1	47354.9
1865	1	-67655.2
1866	1	-99144.1
1867	1	-5063.12
1868	1	-30231
1869	1	87437.5
1870	1	16183
1871	1	-31694.4
1872	1	-29790.4
1873	1	-62283.7
1874	1	-22901
1875	1	97576.8
1876	1	73498.5
1877	1	54499.2
1878	1	-68397.3
1879	1	69664.7
1880	1	-93657.8
1881	1	70629.3
1882	1	-65482.9
1883	1	31299.9
1884	1	94095.7
1885	1	65136.3
1886	1	-70138.9
1887	1	36233
1888	1	-1255.87
1889	1	-65799.3
1890	1	28154.2
1891	1	72161.1
1892	1	63416.9
1893	1	25720.1
1894	1	-85103.2
1895	1	-85416.6
1896	1	81421.2
1897	1	73991.4
1898	1	-1727.31
1899	1	-42130.8
1900	1	10258.1
1901	1	-77674.5
1902	1	38386.8
1903	1	66198.2
1904	1	-65521.5
1905	1	91323.7
1906	1	-60820.5
1907	1	-88704.4
1908	1	-83148.4
1909	1	15271.9
1910	1	19110.4
1911	1	62775.2
1912	1	21902.3
1913	1	-91611.7
1914	1	26537.5
1915	1	79094
1916	1	21259.3
1917	1	11887.5
1918	1	80392.1
1919	1	75120.8
1920	1	64968.1
1921	1	-4977.13
1922	1	78347.1
1923	1	39314.3
1924	1	-38077
1925	1	57607.9
1926	1	75494
1927	1	13836.9
1928	1	45918.4
1929	1	-99402.2
1930	1	-37397.9
1931	1	44613.8
1932	1	26465.7
1933	1	67832.2
1934	1	-76870.2
1935	1	56519.7
1936	1	-37780.2
1937	1	6490.97
1938	1	-27163.9
1939	1	-43811.3
1940	1	14112.3
1941	1	-50811.6
1942	1	-51088.9
1943	1	62371.9
1944	1	13840.6
1945	1	26662.1
1946	1	40519.2
1947	1	-47809.4
1948	1	-31704.6
1949	1	-13951.4
1950	1	-76533.8
1951	1	-80491
1952	1	65799
1953	1	-39837.7
1954	1	54694.2
1955	1	6192.68
1956	1	-32690.3
1957	1	-10358.7
1958	1	13135.1
1959	1	-45435.9
1960	1	36634.1
1961	1	64123.6
1962	1	-27322.6
1963	1	-91276.8
1964	1	3529.88
1965	1	-46688
1966	1	-86880.3
1967	1	-36886.2
1968	1	9823.1
1969	1	-70084.2
1970	1	22417.3
1971	1	78481.4
1972	1	26225.5
1973	1	-41592.1
1974	1	53444.9
1975	1	19797.5
1976	1	-59950.5
1977	1	40393.3
1978	1	-74576.2
1979	1	85015.3
1980	1	26938.3
1981	1	54643.3
1982	1	1036.63
1983	1	-2630.82
1984	1	12912.3
1985	1	-35848.6
1986	1	-43777.7
1987	1	-15652.7
1988	1	-61391.6
1989	1	-85562.9
1990	1	-6803.26
1991	1	25166.2
1992	1	26175.8
1993	1	-24328
1994	1	53957.4
1995	1	78188
1996	1	65679
1997	1	7927.48
1998	1	-81078.7
1999	1	-96605.8
2000	1	14767.3
2001	1	25769.7
2002	1	-16207
2003	1	-90291.1
2004	1	26087
2005	1	-50379.8
2006	1	-12664.8
2007	1	11381.2
2008	1	-58025.6
2009	1	67523.3
2010	1	70244.6
2011	1	28419.3
2012	1	9945.22
2013	1	-97403.1
2014	1	-93747
2015	1	57053.3
2016	1	-9587.74
2017	1	-77684.5
2018	1	64575.2
2019	1	81727.9
2020	1	-6675.59
2021	1	86653
2022	1	-71249
2023	1	98353.4
2024	1	66103.4
2025	1	-56317.4
2026	1	68073.8
2027	1	92491.8
2028	1	43286.3
2029	1	-57966.5
2030	1	89265.4
2031	1	962.875
2032	1	29288.1
2033	1	-9753.13
2034	1	62940.5
2035	1	-88695.7
2036	1	76828.8
2037	1	72840.1
2038	1	-19319.8
2039	1	-80030.3
2040	1	84586.8
2041	1	-76229.5
2042	1	57796.1
2043	1	76392.4
2044	1	81304.3
2045	1	63652.3
2046	1	38265
2047	1	79568.2
2048	1	12250.3
2049	1	-71519.7
2050	1	71119.7
2051	1	53582.1
2052	1	79699.2
2053	1	14775.7
2054	1	60305.7
2055	1	-3254.31
2056	1	-83114.2
2057	1	-46581.6
2058	1	66403.4
2059	1	-10704.7
2060	1	95731.5
2061	1	28092.7
2062	1	26439.8
2063	1	-63946.9
2064	1	31148.1
2065	1	96082.6
2066	1	-18990.3
2067	1	60608.8
2068	1	44800.8
2069	1	63868.5
2070	1	-87668.7
2071	1	63536.7
2072	1	84304.8
2073	1	92944.5
2074	1	29652
2075	1	66246.3
2076	1	35780.9
2077	1	59572
2078	1	-79063.3
2079	1	2768.17
2080	1	58588.9
2081	1	22551.6
2082	1	56186.5
2083	1	-30485.6
2084	1	-37492.8
2085	1	-55043.4
2086	1	-10246
2087	1	-14982.7
2088	1	-99265.4
2089	1	92486.5
2090	1	-96515.7
2091	1	-85972.2
2092	1	78163.5
2093	1	-29356.9
2094	1	-34472
2095	1	21079.9
2096	1	3398.99
2097	1	3144.05
2098	1	41844.8
2099	1	30524.7
2100	1	-32756.9
2101	1	75759.2
2102	1	70555.9
2103	1	-28538.8
2104	1	-45421.5
2105	1	12381.1
2106	1	-23639.3
2107	1	-62611.3
2108	1	-53526.6
2109	1	-25091.9
2110	1	91566.4
2111	1	34219
2112	1	-27768.9
2113	1	95424.9
2114	1	-9741.11
2115	1	-30303.4
2116	1	49858.9
2117	1	-68388.7
2118	1	76953
2119	1	-62331.3
2120	1	76776.4
2121	1	-51116.1
2122	1	24649.6
2123	1	61379.8
2124	1	33777.7
2125	1	-23977.9
2126	1	-79720.6
2127	1	-49677.5
2128	1	-3454.08
2129	1	-98930.3
2130	1	-85132.8
2131	1	42661.1
2132	1	-41059.6
2133	1	44483.3
2134	1	-369.702
2135	1	15297.2
2136	1	84638.7
2137	1	-13943.3
2138	1	-3568.85
2139	1	-99939.6
2140	1	-61786.3
2141	1	51458.8
2142	1	92270.2
2143	1	-10587.6
2144	1	94941.2
2145	1	35442.4
2146	1	-13042.6
2147	1	-77090.2
2148	1	-78157.3
2149	1	-40823.8
2150	1	-55393
2151	1	-51036.6
2152	1	15816.3
2153	1	52503.6
2154	1	-69768.8
2155	1	21000.3
2156	1	50320.1
2157	1	-24827
2158	1	32168.8
2159	1	35136.5
2160	1	85348.3
2161	1	-94236.7
2162	1	-78889.5
2163	1	-34109.2
2164	1	92642.8
2165	1	95872.6
2166	1	74313.5
2167	1	-89682.3
2168	1	-96934.5
2169	1	20331.6
2170	1	41167.9
2171	1	-45003.5
2172	1	4658.63
2173	1	97668.8
2174	1	-1496.59
2175	1	82355.5
2176	1	-75006.4
2177	1	-92472.6
2178	1	66217.5
2179	1	22824.1
2180	1	87803.2
2181	1	-29817.4
2182	1	-74462.5
2183	1	-12777.2
2184	1	31405.2
2185	1	52059
2186	1	70470.4
2187	1	88514.4
2188	1	33550.8
2189	1	18719.6
2190	1	5402.38
2191	1	-11547.2
2192	1	76001.1
2193	1	62335
2194	1	-92726.3
2195	1	-19499.7
2196	1	-6790.62
2197	1	88378.4
2198	1	37370.3
2199	1	18443.1
2200	1	-68756.6
2201	1	80747.5
2202	1	-4563.09
2203	1	-60515.1
2204	1	77668.2
2205	1	-94446.8
2206	1	-63480.4
2207	1	-84382.2
2208	1	-24089.8
2209	1	53173
2210	1	-93280.8
2211	1	-45024.7
2212	1	76922.7
2213	1	59358.7
2214	1	1250.16
2215	1	3518.48
2216	1	-90366.7
2217	1	23363.9
2218	1	-51317.6
2219	1	57993.1
2220	1	-46444.6
2221	1	-22718.6
2222	1	-21680.4
2223	1	-64622.9
2224	1	-51878.4
2225	1	-40089.5
2226	1	-76996.4
2227	1	58672.3
2228	1	51559.9
2229	1	54396.6
2230	1	-13080.7
2231	1	-76469.7
2232	1	-74279.5
2233	1	85374.2
2234	1	-99163.9
2235	1	24087.3
2236	1	41025.8
2237	1	-19700.6
2238	1	-23180.5
2239	1	-26769.2
2240	1	18725.3
2241	1	-3178.75
2242	1	10281.9
2243	1	78764.8
2244	1	-24121
2245	1	-45609.6
2246	1	41181.8
2247	1	-13983.4
2248	1	7477.93
2249	1	88177.5
2250	1	-8473.5
2251	1	74957
2252	1	-74490.2
2253	1	-92738.6
2254	1	-11511
2255	1	-35873.4
2256	1	13898.5
2257	1	21490.8
2258	1	-44408.4
2259	1	-52914.5
2260	1	-86919.4
2261	1	64182.2
2262	1	-78774.6
2263	1	31699.9
2264	1	-38695.7
2265	1	32750.6
2266	1	-83895.5
2267	1	74751.1
2268	1	-78238.2
2269	1	93082.1
2270	1	31495.6
2271	1	19037.1
2272	1	76124.6
2273	1	72713.4
2274	1	14806.6
2275	1	-39961.9
2276	1	-5184.4
2277	1	-32828
2278	1	-68031.2
2279	1	-56971.1
2280	1	-13185.5
2281	1	32432.1
2282	1	72716.5
2283	1	-73445
2284	1	65578.6
2285	1	-26361.9
2286	1	72441.3
2287	1	-97064.3
2288	1	-87538.6
2289	1	8842.78
2290	1	-34427.9
2291	1	-55084.6
2292	1	-17085
2293	1	-68918.6
2294	1	73858.1
2295	1	-38175.5
2296	1	-52487.1
2297	1	43826.3
2298	1	-39267.6
2299	1	-33654.5
2300	1	3803.64
2301	1	-35526.2
2302	1	-65144.5
2303	1	-41170.1
2304	1	75700.6
2305	1	-53795.5
2306	1	59993.3
2307	1	-40418.3
2308	1	53551.5
2309	1	-47956
2310	1	-87757.3
2311	1	76666.8
2312	1	-29381.1
2313	1	10284.3
2314	1	-58175.3
2315	1	-69826.2
2316	1	-45182
2317	1	82756.5
2318	1	-31965.9
2319	1	-24703.7
2320	1	-14129.9
2321	1	-3294.72
2322	1	78261.7
2323	1	-18468.7
2324	1	66014.8
2325	1	39721.3
2326	1	-68421.6
2327	1	10018.4
2328	1	-92737.6
2329	1	-11974.6
2330	1	-94966.4
2331	1	-64630.8
2332	1	-75096.9
2333	1	-66585.4
2334	1	-24147.4
2335	1	30074.6
2336	1	-45413.8
2337	1	97166.7
2338	1	-56772.7
2339	1	-61952.5
2340	1	73810.9
2341	1	-91545.5
2342	1	50511.7
2343	1	-48582.6
2344	1	-73823.7
2345	1	85131.8
2346	1	-92369.7
2347	1	45203.1
2348	1	8368.61
2349	1	-8571.91
2350	1	-98257.2
2351	1	-7075.67
2352	1	-75197.2
2353	1	-82743.2
2354	1	76153.2
2355	1	-6943
2356	1	57876
2357	1	-55929.5
2358	1	46286.2
2359	1	-49391.5
2360	1	-8915.66
2361	1	78992.2
2362	1	34598
2363	1	-25648.1
2364	1	77226.2
2365	1	54235.3
2366	1	29800.6
2367	1	-30854.2
2368	1	-13924.2
2369	1	-35972.9
2370	1	-78847.9
2371	1	48168.3
2372	1	8714.16
2373	1	54455.6
2374	1	-23206.7
2375	1	-11825.5
2376	1	22609.8
2377	1	29319.9
2378	1	-98864.5
2379	1	-88632.6
2380	1	-14978.3
2381	1	41494.6
2382	1	38308
2383	1	71588.6
2384	1	21202.8
2385	1	-80747.4
2386	1	-46620
2387	1	33158.9
2388	1	-69482.4
2389	1	-78936.7
2390	1	52444.9
2391	1	-16065.1
2392	1	-70953
2393	1	61855.9
2394	1	29976.7
2395	1	-16726.5
2396	1	-56198.5
2397	1	-60506.6
2398	1	3462.55
2399	1	57176.2
2400	1	-12177.3
2401	1	-20326.1
2402	1	25990.7
2403	1	83992.1
2404	1	-93312.7
2405	1	-8020.67
2406	1	45184.4
2407	1	-81217.4
2408	1	-59117.2
2409	1	-72664.4
2410	1	6619.84
2411	1	-79528.9
2412	1	5794.08
2413	1	-45718.5
2414	1	-19716.2
2415	1	10841.1
2416	1	50018.2
2417	1	-2625.14
2418	1	77900.8
2419	1	-51996.1
2420	1	-39368
2421	1	5085.8
2422	1	-64364.3
2423	1	63987.4
2424	1	-98837.4
2425	1	-26959.1
2426	1	73126
2427	1	-22803.8
2428	1	-12119.5
2429	1	-9262.17
2430	1	30376.4
2431	1	15108.4
2432	1	49352
2433	1	-21421.7
2434	1	-68565.2
2435	1	83124.7
2436	1	91.7212
2437	1	-63173.3
2438	1	-76361
2439	1	-64752.1
2440	1	-96763
2441	1	77651.5
2442	1	-84887.9
2443	1	-54921.5
2444	1	-2838.49
2445	1	38807.5
2446	1	-30549.5
2447	1	68633.9
2448	1	-29195.1
2449	1	-66052.6
2450	1	20533.3
2451	1	19433.3
2452	1	16014.7
2453	1	65658.2
2454	1	18571.8
2455	1	-80560.8
2456	1	91174.1
2457	1	-74691.1
2458	1	38591.1
2459	1	-84238.3
2460	1	89221.6
2461	1	44263
2462	1	-64421.3
2463	1	-24070
2464	1	-49048.9
2465	1	51716.6
2466	1	68748.2
2467	1	-58544.3
2468	1	-18186.5
2469	1	-71287.3
2470	1	50.1168
2471	1	-92106
2472	1	28735.8
2473	1	-6225.8
2474	1	66610.7
2475	1	2507.2
2476	1	38634.1
2477	1	-68186.9
2478	1	-25565.8
2479	1	56730.9
2480	1	93574.9
2481	1	7668.58
2482	1	56454
2483	1	-73637.7
2484	1	-87091.9
2485	1	-36063.9
2486	1	38707.9
2487	1	84437.7
2488	1	-67278.7
2489	1	-6883.46
2490	1	-59411.3
2491	1	67207.9
2492	1	-59536.9
2493	1	-23758.9
2494	1	-53295.9
2495	1	-94402.8
2496	1	-5815.84
2497	1	89991.2
2498	1	55626.8
2499	1	80629.6
2500	1	-38384.9
2501	1	-19318.5
2502	1	-50029.2
2503	1	16832.4
2504	1	-90895.2
2505	1	-59636.8
2506	1	19722
2507	1	-14801.4
2508	1	2432.11
2509	1	-72214.6
2510	1	-64390.1
2511	1	52150.1
2512	1	84436.4
2513	1	-77904.3
2514	1	54915.1
2515	1	40439.9
2516	1	50548.6
2517	1	-12831.6
2518	1	-94802.9
2519	1	58383.3
2520	1	73606.8
2521	1	-34563.4
2522	1	-50657
2523	1	-30604.8
2524	1	-49879.3
2525	1	58933.3
2526	1	63210.7
2527	1	-33562.8
2528	1	-36832.1
2529	1	44543.5
2530	1	73861.1
2531	1	-44194.3
2532	1	-72087
2533	1	-96022.6
2534	1	84703.7
2535	1	99083.4
2536	1	-75878.5
2537	1	-9551.72
2538	1	81105.6
2539	1	-93855.6
2540	1	-24443.8
2541	1	58614.9
2542	1	93916.1
2543	1	13108.3
2544	1	-62498.7
2545	1	-65748.9
2546	1	-49147.7
2547	1	-14834.2
2548	1	51836.6
2549	1	13085.1
2550	1	18110.1
2551	1	82002.4
2552	1	37325.9
2553	1	-637.877
2554	1	-77898.7
2555	1	-41898.3
2556	1	-4103.19
2557	1	88438.5
2558	1	-72974.5
2559	1	42241.6
2560	1	92844.2
2561	1	73572.8
2562	1	-62775.2
2563	1	72471.4
2564	1	-18720.7
2565	1	-8785.15
2566	1	81108.3
2567	1	84919.5
2568	1	-80420.5
2569	1	-83888.5
2570	1	29352.9
2571	1	788.776
2572	1	3784.36
2573	1	-69675.5
2574	1	47351.2
2575	1	-50121.9
2576	1	-33762.8
2577	1	77503.7
2578	1	-93763.9
2579	1	-90161.6
2580	1	22754
2581	1	93526.4
2582	1	-6955.5
2583	1	44760.9
2584	1	-25176.3
2585	1	-12514.1
2586	1	-76979.1
2587	1	55656.3
2588	1	-38430.9
2589	1	-35101.2
2590	1	-76734.4
2591	1	-3513.16
2592	1	-18018
2593	1	23424.7
2594	1	-77476.5
2595	1	71944.5
2596	1	27231.9
2597	1	39982.5
2598	1	-2414.65
2599	1	20409
2600	1	43274
2601	1	-22665.8
2602	1	-35015.7
2603	1	82146.8
2604	1	-50230.7
2605	1	181.898
2606	1	-42794.4
2607	1	-55194.7
2608	1	-85592.9
2609	1	74209.1
2610	1	36899.9
2611	1	79404.2
2612	1	38438.4
2613	1	-49368.3
2614	1	90977.2
2615	1	6057.87
2616	1	72589.7
2617	1	-8447.86
2618	1	-88384.7
2619	1	78334.3
2620	1	-64919.6
2621	1	-96818.2
2622	1	-28564.6
2623	1	43364.5
2624	1	-55462.8
2625	1	64914
2626	1	-72092.1
2627	1	20430.1
2628	1	13412.9
2629	1	-79292.2
2630	1	-41071.2
2631	1	-63014.4
2632	1	-88649.9
2633	1	62260.9
2634	1	64675.1
2635	1	-6664.31
2636	1	11729.3
2637	1	-50414.5
2638	1	66121.6
2639	1	49519.8
2640	1	72670.7
2641	1	50434.4
2642	1	32877.4
2643	1	85860
2644	1	89372.8
2645	1	35220.1
2646	1	71420.6
2647	1	14947.2
2648	1	81652.9
2649	1	-42113.7
2650	1	91795.8
2651	1	89944.9
2652	1	-67474.3
2653	1	-1058.12
2654	1	29213.1
2655	1	-49307.8
2656	1	-12253.7
2657	1	-91418.9
2658	1	-88442
2659	1	-96176.2
2660	1	-74742.4
2661	1	-10496
2662	1	-53412.9
2663	1	71468.5
2664	1	-21998.7
2665	1	-97297
2666	1	72191
2667	1	6203.28
2668	1	-10227.9
2669	1	74173.4
2670	1	78860.2
2671	1	32905.9
2672	1	74739.5
2673	1	39713.7
2674	1	-63557.8
2675	1	-58980
2676	1	92331
2677	1	9210.03
2678	1	78979
2679	1	98441
2680	1	-44996.1
2681	1	710.724
2682	1	9628.79
2683	1	99768
2684	1	-48648.6
2685	1	-68849.1
2686	1	-46487.8
2687	1	-27482.3
2688	1	-28156.2
2689	1	81499.3
2690	1	-86551.3
2691	1	32399.9
2692	1	171.724
2693	1	-31740.3
2694	1	-88845.1
2695	1	74911.8
2696	1	65096.7
2697	1	-77858.5
2698	1	-31795.2
2699	1	-29769.9
2700	1	-15893.8
2701	1	-3719.16
2702	1	-12254.7
2703	1	-3971.93
2704	1	-70306.6
2705	1	94545
2706	1	-10250.4
2707	1	-55888.8
2708	1	-66186.7
2709	1	-52648.7
2710	1	40082
2711	1	-82765.6
2712	1	36389.4
2713	1	70886.2
2714	1	99768
2715	1	-60212.9
2716	1	-67471.2
2717	1	-70217.6
2718	1	-35516.8
2719	1	-70873.9
2720	1	16189
2721	1	-46747.5
2722	1	-59975.7
2723	1	1627.13
2724	1	26998.8
2725	1	18648.1
2726	1	86669.1
2727	1	-55475.4
2728	1	23691.1
2729	1	-13646.9
2730	1	-80150.4
2731	1	33356.4
2732	1	38476.9
2733	1	-36245.8
2734	1	38003.8
2735	1	-94638.1
2736	1	-8972.85
2737	1	60385.5
2738	1	-89580.9
2739	1	93417.6
2740	1	-67794.7
2741	1	-81672
2742	1	-9121.59
2743	1	-26666
2744	1	-30937.5
2745	1	71730.8
2746	1	-70398.7
2747	1	-51848.3
2748	1	44637.7
2749	1	-32432
2750	1	21152.4
2751	1	-65393.6
2752	1	21019
2753	1	-93367.9
2754	1	-98738.3
2755	1	-11037.4
2756	1	-35122.7
2757	1	-9459.98
2758	1	18175
2759	1	-34447.2
2760	1	-75990
2761	1	73714.5
2762	1	-99381.2
2763	1	-82319.2
2764	1	-81531.4
2765	1	-26504.1
2766	1	82406.3
2767	1	-73417.3
2768	1	95963.2
2769	1	98383.2
2770	1	98726.1
2771	1	97449.8
2772	1	-44686.6
2773	1	-59633.8
2774	1	-15167.5
2775	1	5174.4
2776	1	71213.8
2777	1	-73942.4
2778	1	-93930.1
2779	1	-21487.5
2780	1	47842.4
2781	1	48824.6
2782	1	28869.9
2783	1	-742.344
2784	1	74650.3
2785	1	26929.7
2786	1	-11253
2787	1	-1413.92
2788	1	-22715.9
2789	1	-77798.8
2790	1	52120.1
2791	1	27132.4
2792	1	18830.2
2793	1	13883
2794	1	36687
2795	1	-34787.9
2796	1	-95297.8
2797	1	59556.9
2798	1	953.58
2799	1	86446.3
2800	1	66004.7
2801	1	-35627.5
2802	1	-58392.6
2803	1	50259.2
2804	1	-51059.6
2805	1	-75897.2
2806	1	-22495.9
2807	1	-26810.1
2808	1	82049.7
2809	1	80929
2810	1	28267
2811	1	12064.6
2812	1	19405.9
2813	1	91144.7
2814	1	-63500.8
2815	1	45983.6
2816	1	-47991.3
2817	1	10360.7
2818	1	-55387.5
2819	1	59554.7
2820	1	10566.7
2821	1	-67352.3
2822	1	-1381.3
2823	1	-5613.29
2824	1	-63629.1
2825	1	36696.5
2826	1	-53109.1
2827	1	15583.1
2828	1	-35167
2829	1	45038
2830	1	90882.3
2831	1	-79177.6
2832	1	-93063.2
2833	1	45794.1
2834	1	7518.29
2835	1	27860.4
2836	1	67290.6
2837	1	56990.4
2838	1	-45697.6
2839	1	31047.6
2840	1	33846.9
2841	1	-54214.9
2842	1	40080.2
2843	1	18739.7
2844	1	40227.4
2845	1	69071.1
2846	1	40024.7
2847	1	89381.5
2848	1	32655.6
2849	1	-95395.6
2850	1	22713.6
2851	1	-89528.3
2852	1	25388.2
2853	1	-86308.4
2854	1	36731.4
2855	1	-72959.2
2856	1	32000.5
2857	1	44539.4
2858	1	40535.6
2859	1	926.522
2860	1	65797.7
2861	1	71406.6
2862	1	16171.4
2863	1	-5831.96
2864	1	21784.9
2865	1	22045.5
2866	1	57803.2
2867	1	-47233.5
2868	1	-4725.23
2869	1	73477.4
2870	1	411.259
2871	1	85245.1
2872	1	58626.8
2873	1	-1192.95
2874	1	74784
2875	1	7183.17
2876	1	-63995.2
2877	1	-8292.98
2878	1	-85544.5
2879	1	-8033.14
2880	1	-9020.12
2881	1	98701.2
2882	1	16881.2
2883	1	-45526.8
2884	1	88719.6
2885	1	41401
2886	1	-13355.6
2887	1	10660.4
2888	1	-68283.3
2889	1	47680.9
2890	1	12541.4
2891	1	53612.1
2892	1	12828.9
2893	1	64463.9
2894	1	-21311.1
2895	1	66574.3
2896	1	-20970.6
2897	1	-29941.8
2898	1	81736.8
2899	1	16913.4
2900	1	53512.6
2901	1	-66250.7
2902	1	97580.8
2903	1	54470.5
2904	1	-53028.9
2905	1	-2143.38
2906	1	-63305.5
2907	1	3243.65
2908	1	-78743.7
2909	1	-49184
2910	1	-53460.7
2911	1	-23469.4
2912	1	-57061.2
2913	1	61143.2
2914	1	88366.8
2915	1	90908.3
2916	1	-10686.1
2917	1	-6674.43
2918	1	88779.7
2919	1	-58783.5
2920	1	-67810.3
2921	1	29280.2
2922	1	78489.3
2923	1	-79854.2
2924	1	61976.6
2925	1	66096
2926	1	-63075.5
2927	1	-1963.08
2928	1	12410.5
2929	1	-27632.4
2930	1	64046.2
2931	1	-6893.22
2932	1	-18148.7
2933	1	88479.3
2934	1	-78710.9
2935	1	-8712.59
2936	1	-50814.8
2937	1	82918.9
2938	1	61141.9
2939	1	61988
2940	1	71421.1
2941	1	-45071
2942	1	-31038.6
2943	1	-998.416
2944	1	-47728.3
2945	1	-45607.9
2946	1	99834.6
2947	1	-86079.3
2948	1	7175.96
2949	1	83192.7
2950	1	84711.4
2951	1	-20212.7
2952	1	98896.9
2953	1	76533.6
2954	1	-91482.2
2955	1	62065
2956	1	78325.7
2957	1	-56998.8
2958	1	79570.7
2959	1	-15933.1
2960	1	92918.2
2961	1	25460.5
2962	1	12806.8
2963	1	-60737.9
2964	1	-20719.4
2965	1	76309.2
2966	1	50575.5
2967	1	92480.2
2968	1	-51498.5
2969	1	61344.6
2970	1	34123.7
2971	1	23763.5
2972	1	-88527
2973	1	87833.3
2974	1	-98237.8
2975	1	82620.8
2976	1	-42480.1
2977	1	-90123.1
2978	1	69324.9
2979	1	30950
2980	1	-41785.1
2981	1	98213.2
2982	1	-13918.4
2983	1	22509.2
2984	1	32724
2985	1	-53279.6
2986	1	98692
2987	1	84286.4
2988	1	3755.76
2989	1	7724.31
2990	1	3843.03
2991	1	48456.4
2992	1	31504.5
2993	1	-30496.2
2994	1	64334.7
2995	1	-51083.7
2996	1	7747.26
2997	1	82339.1
2998	1	85886.4
2999	1	-30192.5
3000	1	-44182.7
3001	1	-66532.8
3002	1	93724.8
3003	1	-94237
3004	1	67696.5
3005	1	73967.4
3006	1	-39632.1
3007	1	-51805
3008	1	-42203.1
3009	1	-65234
3010	1	30680
3011	1	-84658.5
3012	1	43448.1
3013	1	56150
3014	1	-18734.5
3015	1	-65509.4
3016	1	-50849.8
3017	1	-33273.2
3018	1	56899.4
3019	1	86134.8
3020	1	32546.2
3021	1	84664.2
3022	1	74361.1
3023	1	77325.6
3024	1	-88960.2
3025	1	-72140.6
3026	1	-57116.7
3027	1	95434
3028	1	91189.3
3029	1	44553.3
3030	1	-45123.4
3031	1	38898.4
3032	1	-26948
3033	1	-32933.3
3034	1	18348.9
3035	1	95456.4
3036	1	-40885.8
3037	1	42145.1
3038	1	34851.5
3039	1	-17209
3040	1	64606.8
3041	1	8916
3042	1	99131.8
3043	1	-83120
3044	1	-23242.7
3045	1	75959.5
3046	1	-43483.2
3047	1	-86854.1
3048	1	-17454.7
3049	1	96769.3
3050	1	2686.77
3051	1	79595.6
3052	1	-99537.3
3053	1	20183.3
3054	1	17373.2
3055	1	64188.4
3056	1	62722.9
3057	1	9739.74
3058	1	-65042.4
3059	1	-33908
3060	1	-32565.1
3061	1	94006.6
3062	1	-93610.1
3063	1	-58846.1
3064	1	17666.1
3065	1	11099.5
3066	1	-55314.6
3067	1	46801.3
3068	1	-96414.1
3069	1	-24604.9
3070	1	89632
3071	1	96530.1
3072	1	987.592
3073	1	89716.8
3074	1	65473.3
3075	1	-17279.1
3076	1	72636.3
3077	1	76010.2
3078	1	-53569.3
3079	1	-76305.3
3080	1	-47961.2
3081	1	8493.98
3082	1	79680.7
3083	1	18881
3084	1	-76886.5
3085	1	-24742.7
3086	1	-37662.7
3087	1	87327.7
3088	1	-35069.9
3089	1	-16369.7
3090	1	95019.6
3091	1	18839.7
3092	1	-73354.9
3093	1	-16135.7
3094	1	14846.7
3095	1	-88541.7
3096	1	-37831.5
3097	1	-29511.5
3098	1	-23138.8
3099	1	-29414.7
3100	1	51442.5
3101	1	-18931.6
3102	1	-99988.8
3103	1	-42824.2
3104	1	97551.1
3105	1	-626.609
3106	1	-91832.7
3107	1	26928.4
3108	1	39459.1
3109	1	99977.1
3110	1	93288.7
3111	1	-67932.3
3112	1	-7206.77
3113	1	-37458.4
3114	1	36369.9
3115	1	-46892
3116	1	-96866.9
3117	1	-35279.4
3118	1	-37947
3119	1	77981.2
3120	1	13768.4
3121	1	89530.2
3122	1	37824.5
3123	1	-39886.8
3124	1	-49379.1
3125	1	10650.6
3126	1	-36871.2
3127	1	72970
3128	1	-45133.8
3129	1	68738.6
3130	1	-36113.9
3131	1	63603.3
3132	1	36406.7
3133	1	-2822.52
3134	1	-62704.3
3135	1	80272.5
3136	1	88906.1
3137	1	-33579.5
3138	1	-16544.2
3139	1	-60757.4
3140	1	33061.6
3141	1	24840.9
3142	1	51616.9
3143	1	-14809.9
3144	1	10264.1
3145	1	95727.2
3146	1	17908.2
3147	1	-19224.7
3148	1	68052.8
3149	1	93988.9
3150	1	-19345
3151	1	-97047.2
3152	1	88188.9
3153	1	81361.6
3154	1	86503.2
3155	1	-66348.3
3156	1	48943.4
3157	1	55511.6
3158	1	-19572
3159	1	4881.75
3160	1	20325.3
3161	1	-94223.1
3162	1	-30448.4
3163	1	80247.2
3164	1	-43767.1
3165	1	-29821.3
3166	1	-76093.2
3167	1	98412.9
3168	1	94365.3
3169	1	-53879
3170	1	-50457.3
3171	1	918.761
3172	1	36454.6
3173	1	-75973.6
3174	1	65080
3175	1	-87603
3176	1	18518
3177	1	-99831.8
3178	1	49706.5
3179	1	-74909.8
3180	1	-32867.1
3181	1	96054.1
3182	1	70720.2
3183	1	75675.5
3184	1	24572.7
3185	1	-96963.2
3186	1	68922.6
3187	1	-30540.9
3188	1	-15965.5
3189	1	-42963.4
3190	1	79570.5
3191	1	7815.32
3192	1	-17810.1
3193	1	-98982.9
3194	1	-647.708
3195	1	30283.2
3196	1	94972.8
3197	1	-21266.3
3198	1	-68476.1
3199	1	-41010.5
3200	1	81143.4
3201	1	-81641
3202	1	29665.5
3203	1	-32429.4
3204	1	89201.6
3205	1	52883.9
3206	1	95766.5
3207	1	-68528.1
3208	1	64801.2
3209	1	47691.5
3210	1	-58341
3211	1	-17089.6
3212	1	-1836.01
3213	1	-50106.8
3214	1	-43362.3
3215	1	-58528
3216	1	-76752.9
3217	1	-13228.4
3218	1	-95902.7
3219	1	-18540.5
3220	1	-86055.3
3221	1	-10925.1
3222	1	40050.8
3223	1	-53254.2
3224	1	-96089.2
3225	1	-94249.8
3226	1	-71331.8
3227	1	54132.8
3228	1	-13606.3
3229	1	7347.99
3230	1	-54074.2
3231	1	-9921.93
3232	1	-82329.4
3233	1	1509.41
3234	1	65718.5
3235	1	78104.6
3236	1	-31747.5
3237	1	-5811.99
3238	1	78154.4
3239	1	61278.8
3240	1	-2868.59
3241	1	-72765.6
3242	1	-45204.2
3243	1	45017.9
3244	1	-3843.3
3245	1	67293.2
3246	1	97851.7
3247	1	96346.9
3248	1	-74081.8
3249	1	-3362.11
3250	1	-59799.2
3251	1	-80031
3252	1	-61184.9
3253	1	-71570.8
3254	1	63215.2
3255	1	-54465.1
3256	1	87849
3257	1	47956.7
3258	1	55725.3
3259	1	-83887.9
3260	1	8199.13
3261	1	3794.56
3262	1	21678.3
3263	1	-10684.2
3264	1	-85866.1
3265	1	99808.7
3266	1	-90117.9
3267	1	11995.6
3268	1	6541.88
3269	1	-45829.8
3270	1	-7446.97
3271	1	10832
3272	1	-79841.4
3273	1	-88345.7
3274	1	16441.6
3275	1	-73205.4
3276	1	-94448.5
3277	1	-56337.4
3278	1	17009.4
3279	1	22520.6
3280	1	-30769.8
3281	1	97878.1
3282	1	65068.9
3283	1	-50468.8
3284	1	3404.29
3285	1	64215.1
3286	1	4870.75
3287	1	41603.8
3288	1	-1376.91
3289	1	-90423.9
3290	1	-85499.9
3291	1	13016.5
3292	1	-33155.2
3293	1	-97477.4
3294	1	89401.5
3295	1	-96392.8
3296	1	87428.2
3297	1	56065.1
3298	1	20094.2
3299	1	-55246.9
3300	1	-29257.5
3301	1	79259.5
3302	1	47358.4
3303	1	66605.9
3304	1	-97225
3305	1	-13852.8
3306	1	-15677.6
3307	1	-17939.9
3308	1	-27501
3309	1	46724.4
3310	1	3388.35
3311	1	-91154.5
3312	1	-66997.9
3313	1	-2104.79
3314	1	-88395.3
3315	1	-3605.98
3316	1	-77035.3
3317	1	-19111
3318	1	-96150.8
3319	1	73178.3
3320	1	77360.2
3321	1	-52585.8
3322	1	-97271.1
3323	1	63267.8
3324	1	-98057.9
3325	1	-27309.7
3326	1	-20152.6
3327	1	38306.8
3328	1	66945.9
3329	1	-59597.8
3330	1	45008.3
3331	1	36260.8
3332	1	66202.4
3333	1	91695.4
3334	1	14921.6
3335	1	69079.9
3336	1	-69914.2
3337	1	-40898.2
3338	1	-20077.2
3339	1	-23281.7
3340	1	-97674.8
3341	1	-33619.8
3342	1	-53743.3
3343	1	87007.6
3344	1	-80248.8
3345	1	-55895.5
3346	1	67343.5
3347	1	83469.2
3348	1	-4760.75
3349	1	31982.6
3350	1	-65204.3
3351	1	83076
3352	1	72822.8
3353	1	28852.8
3354	1	-93092.8
3355	1	5993.92
3356	1	21879.2
3357	1	-14894.4
3358	1	-24581.6
3359	1	63146.7
3360	1	-22369.8
3361	1	-30081.7
3362	1	11496.3
3363	1	90103.4
3364	1	21349.6
3365	1	97858.2
3366	1	-73068.4
3367	1	29402
3368	1	-44653.5
3369	1	-87811.3
3370	1	-44325.8
3371	1	84330.3
3372	1	68128
3373	1	-81196.6
3374	1	-29775.2
3375	1	63722.5
3376	1	-64038
3377	1	77980.8
3378	1	-2913.65
3379	1	88524.1
3380	1	-72164.1
3381	1	70017
3382	1	-91134.9
3383	1	-42279.4
3384	1	80612.3
3385	1	2630.04
3386	1	31293.9
3387	1	77419.4
3388	1	-30500.3
3389	1	65143.8
3390	1	-6932.5
3391	1	25895.1
3392	1	-27726.6
3393	1	-7139.98
3394	1	11834.7
3395	1	-32821.5
3396	1	-98314.5
3397	1	77765
3398	1	42618.6
3399	1	-51814.1
3400	1	13386.3
3401	1	9631.92
3402	1	15284.3
3403	1	-67607.7
3404	1	48880.4
3405	1	-38263
3406	1	-15082.5
3407	1	-28832.7
3408	1	73864.1
3409	1	54329.7
3410	1	4903.71
3411	1	42956.2
3412	1	31698.8
3413	1	88492.7
3414	1	79721.7
3415	1	63980.9
3416	1	-99620.6
3417	1	24390.3
3418	1	-70334.7
3419	1	38208.2
3420	1	-18212
3421	1	-6365.25
3422	1	86168.8
3423	1	-95895.3
3424	1	53356.1
3425	1	-79870.5
3426	1	12588.2
3427	1	-32183.2
3428	1	92798.2
3429	1	69990.4
3430	1	82743.2
3431	1	48180.5
3432	1	-88197
3433	1	-84301.2
3434	1	87050.6
3435	1	50072.2
3436	1	-37358.8
3437	1	21750.2
3438	1	-17392.4
3439	1	11153.8
3440	1	54242.2
3441	1	-41070.1
3442	1	-65593.3
3443	1	50928.6
3444	1	65801.7
3445	1	31519.5
3446	1	-93589
3447	1	22614.9
3448	1	60259.7
3449	1	93532.6
3450	1	3661.79
3451	1	-69223.4
3452	1	96855.8
3453	1	54633.3
3454	1	-95887.2
3455	1	-18102.3
3456	1	59239.3
3457	1	-89741.6
3458	1	-31643.9
3459	1	-36444
3460	1	-74403.6
3461	1	20426.6
3462	1	81525
3463	1	48493
3464	1	10431.6
3465	1	26953.1
3466	1	-72888.2
3467	1	-45532.8
3468	1	82526.1
3469	1	-26146
3470	1	47997.7
3471	1	94956.8
3472	1	95367.3
3473	1	74707.4
3474	1	90937.9
3475	1	-69941.4
3476	1	-66251.2
3477	1	12191.1
3478	1	11898.5
3479	1	-34693.7
3480	1	84603.9
3481	1	-86366.4
3482	1	-67751.9
3483	1	23955.5
3484	1	87582.5
3485	1	-98289.1
3486	1	59731.3
3487	1	19819
3488	1	39225.6
3489	1	61778.5
3490	1	35093.5
3491	1	311.372
3492	1	24041.7
3493	1	-23862.3
3494	1	-95534.7
3495	1	95682.8
3496	1	-99082
3497	1	-93860.3
3498	1	10058.3
3499	1	-33953.9
3500	1	74690.2
3501	1	24883.8
3502	1	85585.6
3503	1	-88818.7
3504	1	23465.6
3505	1	-62303.3
3506	1	-71253.4
3507	1	29487.9
3508	1	43198.7
3509	1	-91097.7
3510	1	-14223.4
3511	1	67587.4
3512	1	-32905.7
3513	1	14041.8
3514	1	-67900.6
3515	1	9918.65
3516	1	89407.9
3517	1	95550.9
3518	1	-73303.9
3519	1	48753.5
3520	1	59707.5
3521	1	-54858.4
3522	1	60881.2
3523	1	-83599.3
3524	1	-31674.6
3525	1	-93620.7
3526	1	-38084.9
3527	1	-98024.5
3528	1	32891.1
3529	1	51043.3
3530	1	46638.3
3531	1	-69790.9
3532	1	27418.9
3533	1	-20693.3
3534	1	-37274.1
3535	1	31729.3
3536	1	-66263.5
3537	1	36104.1
3538	1	44049.4
3539	1	-44847.5
3540	1	55078.6
3541	1	19835.7
3542	1	45770.5
3543	1	91336
3544	1	48577.7
3545	1	96417
3546	1	83929.9
3547	1	85153.6
3548	1	-85930.5
3549	1	17426.1
3550	1	-4590.96
3551	1	18864.9
3552	1	-62592.8
3553	1	57758.2
3554	1	638.101
3555	1	63979.5
3556	1	-76969.7
3557	1	48234.7
3558	1	-77185.1
3559	1	-79012.9
3560	1	-23805.2
3561	1	-73572.5
3562	1	-288.842
3563	1	84861.1
3564	1	82916.6
3565	1	28332.8
3566	1	67320.3
3567	1	64913.6
3568	1	49424.3
3569	1	-42852.4
3570	1	56323.8
3571	1	-14335.4
3572	1	-98665.6
3573	1	-66142.6
3574	1	64991.1
3575	1	88600.5
3576	1	-5806.74
3577	1	-19670
3578	1	-52868
3579	1	-14902.2
3580	1	-34216.1
3581	1	-85269.1
3582	1	-80343.1
3583	1	-50009
3584	1	-23110.3
3585	1	-23990.1
3586	1	-23329.3
3587	1	99012.5
3588	1	-15122.3
3589	1	-92231.7
3590	1	-28456.3
3591	1	69743.3
3592	1	-68605.4
3593	1	2557.97
3594	1	21443.8
3595	1	-78487.6
3596	1	-1725.79
3597	1	79717.7
3598	1	51233.4
3599	1	-33436.2
3600	1	45655.3
3601	1	-49455.4
3602	1	72930.1
3603	1	-9792.15
3604	1	-29700.9
3605	1	-60514.2
3606	1	-44136.1
3607	1	63079.5
3608	1	47497.4
3609	1	58805
3610	1	-10508.6
3611	1	43824.9
3612	1	-63634.2
3613	1	-46530.8
3614	1	-59858.6
3615	1	96112.1
3616	1	-55861
3617	1	15832.1
3618	1	-17066
3619	1	-7350.59
3620	1	-19092.5
3621	1	11505.1
3622	1	62330.9
3623	1	-27833.6
3624	1	-99813.7
3625	1	-94553.4
3626	1	-44668.8
3627	1	81312
3628	1	-91427.5
3629	1	-27335.1
3630	1	37979.9
3631	1	-12381.4
3632	1	-87912.7
3633	1	-72008.9
3634	1	54518.8
3635	1	-1374.71
3636	1	-74115.6
3637	1	-99535.5
3638	1	8665.61
3639	1	27916.3
3640	1	-95013.8
3641	1	-25296.4
3642	1	2113.62
3643	1	-98687.8
3644	1	-77101.9
3645	1	25187.2
3646	1	-52145.3
3647	1	-9840.01
3648	1	30115.7
3649	1	-5307.22
3650	1	-63435.9
3651	1	32067.1
3652	1	-16825.4
3653	1	66468.1
3654	1	-42967.3
3655	1	-3328.04
3656	1	-79813.8
3657	1	-15332
3658	1	28435.9
3659	1	36770.5
3660	1	-19207
3661	1	91042.4
3662	1	34458.9
3663	1	44197.9
3664	1	-32220.7
3665	1	44362.4
3666	1	59977.4
3667	1	-55720.2
3668	1	76688.2
3669	1	56262
3670	1	-13160.9
3671	1	68384.7
3672	1	92455.1
3673	1	47440.4
3674	1	-17870.6
3675	1	-31037
3676	1	54967.7
3677	1	50895.7
3678	1	93408
3679	1	29635.2
3680	1	20300.7
3681	1	3493.69
3682	1	39793.7
3683	1	80965.2
3684	1	26008.4
3685	1	-23633.5
3686	1	-75517
3687	1	97920.6
3688	1	-95539.1
3689	1	50851.3
3690	1	385.232
3691	1	-53846.3
3692	1	11102.5
3693	1	-43840.6
3694	1	75109.5
3695	1	4881.46
3696	1	-63101.6
3697	1	68439.5
3698	1	52556.2
3699	1	23130
3700	1	-21995.3
3701	1	-78957.1
3702	1	97681.2
3703	1	27270.1
3704	1	12473.7
3705	1	-50379.7
3706	1	-34492.7
3707	1	29880.9
3708	1	3520.46
3709	1	10462.9
3710	1	75919.7
3711	1	60588.7
3712	1	53454.4
3713	1	-27336
3714	1	-58878.7
3715	1	-52851.8
3716	1	-29082
3717	1	40398.4
3718	1	-27176.1
3719	1	-79566.6
3720	1	-79458.1
3721	1	-25196.8
3722	1	-6913.4
3723	1	-80679.4
3724	1	-56902.2
3725	1	-53161.2
3726	1	-52479.6
3727	1	-45649.7
3728	1	-2795.83
3729	1	-22783.3
3730	1	40480.7
3731	1	-27489.2
3732	1	-41766.5
3733	1	-2440.27
3734	1	34049.1
3735	1	-84390.4
3736	1	-61737.5
3737	1	56601
3738	1	-63523.5
3739	1	3367.97
3740	1	-10754.6
3741	1	-62197.8
3742	1	-77412.1
3743	1	86136
3744	1	-56810.7
3745	1	-84393.5
3746	1	-468.476
3747	1	28199.9
3748	1	-5541.04
3749	1	-90595.7
3750	1	7556.08
3751	1	-69649.9
3752	1	-19651.1
3753	1	65293.2
3754	1	74863
3755	1	-16964.1
3756	1	48914.8
3757	1	30073.4
3758	1	-85300.2
3759	1	-51398
3760	1	74388.2
3761	1	30856.2
3762	1	-1937.06
3763	1	96151.5
3764	1	-28253.5
3765	1	23064.2
3766	1	-75396.3
3767	1	70197.4
3768	1	78258.4
3769	1	-14361.3
3770	1	15603.5
3771	1	-59912
3772	1	-87508.8
3773	1	-6421.66
3774	1	2778.25
3775	1	-95046.4
3776	1	-32454.1
3777	1	-72393
3778	1	58470.1
3779	1	25329.8
3780	1	29053.4
3781	1	-55667.2
3782	1	77969.4
3783	1	1080.93
3784	1	86191.1
3785	1	90663.6
3786	1	-5451.55
3787	1	43091.6
3788	1	-20244.8
3789	1	63926.7
3790	1	-61265.2
3791	1	-58847.9
3792	1	-75940.8
3793	1	23656.1
3794	1	-21526.4
3795	1	-19603.1
3796	1	57458.4
3797	1	74480.5
3798	1	46630.1
3799	1	-70455.2
3800	1	-30995.1
3801	1	-72317.7
3802	1	74940.3
3803	1	86421.5
3804	1	16521.8
3805	1	-84460
3806	1	13617.9
3807	1	88170.2
3808	1	38851.6
3809	1	6486.67
3810	1	40248
3811	1	-78417.7
3812	1	-42108.9
3813	1	37327
3814	1	-62383.2
3815	1	-39179.4
3816	1	40375.5
3817	1	1439
3818	1	-46934.2
3819	1	22656.2
3820	1	-15033.9
3821	1	-82820.8
3822	1	-99725.1
3823	1	81069.7
3824	1	57670.1
3825	1	-21930
3826	1	40610.6
3827	1	-83405.1
3828	1	33012.8
3829	1	45128.9
3830	1	7312.17
3831	1	86303.3
3832	1	-37239.3
3833	1	-17081
3834	1	92014.2
3835	1	-59432.9
3836	1	-45885.3
3837	1	96764.3
3838	1	95443.2
3839	1	-48375.8
3840	1	45010
3841	1	-17678.7
3842	1	-36874.6
3843	1	48925.4
3844	1	-51154.9
3845	1	-89202.3
3846	1	54410.8
3847	1	-87639.1
3848	1	-7574.22
3849	1	-65252.4
3850	1	-48327
3851	1	-33489.6
3852	1	-29459.2
3853	1	18816.5
3854	1	-73937.5
3855	1	-68472.6
3856	1	28869.6
3857	1	58613
3858	1	-66975.2
3859	1	-82581.1
3860	1	38424.3
3861	1	-11256.7
3862	1	24203
3863	1	34181.7
3864	1	-33936.1
3865	1	75213.2
3866	1	39778.7
3867	1	66013.6
3868	1	8549
3869	1	11885
3870	1	-43158.1
3871	1	80027.2
3872	1	96932.5
3873	1	56444.4
3874	1	-44715.3
3875	1	-11144
3876	1	-71906.8
3877	1	-71715.5
3878	1	9332.74
3879	1	-44967.5
3880	1	1780.05
3881	1	22858.9
3882	1	7090.64
3883	1	82870.4
3884	1	-38079.9
3885	1	6596.15
3886	1	-77121.1
3887	1	3440.34
3888	1	-27520.5
3889	1	52258.7
3890	1	-62818.9
3891	1	-48307.7
3892	1	89741.4
3893	1	41246.8
3894	1	-98460
3895	1	83288.8
3896	1	10196.9
3897	1	-57750.3
3898	1	74524.4
3899	1	-38245.6
3900	1	-67262.9
3901	1	-84686.9
3902	1	-15788.6
3903	1	16067.5
3904	1	40226.6
3905	1	625.726
3906	1	-77812.7
3907	1	90529.2
3908	1	98077.4
3909	1	79028.8
3910	1	-20127.5
3911	1	40388.3
3912	1	20548.9
3913	1	-65455
3914	1	27067.5
3915	1	-12597
3916	1	75248.5
3917	1	10341.8
3918	1	-45969.7
3919	1	-92570
3920	1	-44205.2
3921	1	-25438.6
3922	1	-77277.2
3923	1	-52542.1
3924	1	-36795
3925	1	-83730.2
3926	1	-19590.1
3927	1	-80549.2
3928	1	-80570.4
3929	1	88406.4
3930	1	51842.8
3931	1	-68099.6
3932	1	-51193.3
3933	1	37759.3
3934	1	-73473
3935	1	30634.1
3936	1	45113.4
3937	1	69611.3
3938	1	25294
3939	1	91326.4
3940	1	78546.9
3941	1	-42902.8
3942	1	96182.6
3943	1	-73888.4
3944	1	42724.3
3945	1	70269.4
3946	1	-41669
3947	1	63738.5
3948	1	-89374.3
3949	1	-74224.1
3950	1	8107.11
3951	1	1374.75
3952	1	-25257.3
3953	1	8231.09
3954	1	3257.71
3955	1	-5356.27
3956	1	40653.3
3957	1	27303.1
3958	1	-6616.88
3959	1	63224.8
3960	1	52206.6
3961	1	-64795.4
3962	1	-71833.1
3963	1	42828.1
3964	1	74109.1
3965	1	-88280.5
3966	1	10582.3
3967	1	-68980.4
3968	1	-93745.6
3969	1	9392.83
3970	1	-86031.8
3971	1	-91370.6
3972	1	-62293
3973	1	-58964.4
3974	1	68816
3975	1	-59694.1
3976	1	17316.4
3977	1	48766.8
3978	1	-76742.8
3979	1	-80945.9
3980	1	-11506.2
3981	1	-90311.2
3982	1	71313.7
3983	1	34399.7
3984	1	18412.7
3985	1	77305.1
3986	1	-75831.5
3987	1	-21164.6
3988	1	-72551.9
3989	1	-69433.4
3990	1	10975.6
3991	1	11963.1
3992	1	-43789.5
3993	1	-67092.6
3994	1	41596.9
3995	1	-68114.4
3996	1	45397.8
3997	1	25678.3
3998	1	-49437.7
3999	1	8032.03
4000	1	-94466.7
4001	1	-90783.2
4002	1	85542.6
4003	1	-63512.1
4004	1	54874.8
4005	1	23414.3
4006	1	14301.6
4007	1	70004.1
4008	1	-9254.6
4009	1	37212.1
4010	1	29856.5
4011	1	-53248.3
4012	1	35935.9
4013	1	22906.2
4014	1	-75078.9
4015	1	-38360.8
4016	1	-35629.1
4017	1	67540.7
4018	1	-27644.2
4019	1	-92565.1
4020	1	-51597
4021	1	-41031.7
4022	1	-84117.9
4023	1	-52615
4024	1	-46652.1
4025	1	35175.6
4026	1	99801.1
4027	1	62042.9
4028	1	12631.9
4029	1	-33744
4030	1	35706.4
4031	1	-92222.3
4032	1	-83470.1
4033	1	18264.6
4034	1	91413.2
4035	1	78519.2
4036	1	-89590
4037	1	-34891.5
4038	1	-31288.9
4039	1	47752.8
4040	1	33347.4
4041	1	50674.5
4042	1	69737.8
4043	1	-30636.1
4044	1	98781.1
4045	1	38537.8
4046	1	42982.5
4047	1	5336.03
4048	1	-1753.26
4049	1	74125.5
4050	1	45772
4051	1	-86828.7
4052	1	-54827.2
4053	1	89868.8
4054	1	-74662.7
4055	1	-88042.9
4056	1	61565.6
4057	1	-85567.4
4058	1	78549.9
4059	1	-63948.4
4060	1	-43130.4
4061	1	-59419.3
4062	1	-6631.37
4063	1	-76309
4064	1	61183.4
4065	1	-63486.1
4066	1	24847.3
4067	1	-43923.2
4068	1	-36043.8
4069	1	-78830.5
4070	1	-89493.6
4071	1	12242.9
4072	1	74853.1
4073	1	-25629.8
4074	1	8012.02
4075	1	20255.9
4076	1	-1879.82
4077	1	56172
4078	1	71698.6
4079	1	-48761
4080	1	38717.4
4081	1	8435.02
4082	1	-14193.7
4083	1	29808.4
4084	1	-43237.3
4085	1	-71384.9
4086	1	61764
4087	1	-85644.7
4088	1	87072.3
4089	1	35574.7
4090	1	33922.5
4091	1	-6394.98
4092	1	-43678.1
4093	1	73454.5
4094	1	15466.1
4095	1	-1157.9
4096	1	-97347.3
4097	1	96352.9
4098	1	-10888.7
4099	1	-41482.5
4100	1	-28327
4101	1	-22851.2
4102	1	72395.2
4103	1	-94200.9
4104	1	-85487.8
4105	1	-85681.5
4106	1	43886.7
4107	1	52424.8
4108	1	-14915.5
4109	1	46954.9
4110	1	27682.1
4111	1	-5701.93
4112	1	-29312
4113	1	-83486.9
4114	1	-88891.7
4115	1	27102.5
4116	1	3090.15
4117	1	-80091.2
4118	1	-59219.4
4119	1	72471.1
4120	1	57502.9
4121	1	-9779.94
4122	1	-50402.6
4123	1	65216.1
4124	1	-55448.7
4125	1	-50110.8
4126	1	40978.4
4127	1	95649.7
4128	1	-86391.6
4129	1	70978.9
4130	1	-81524.5
4131	1	72914
4132	1	-74193
4133	1	30574.8
4134	1	80215.4
4135	1	42933.3
4136	1	-44909
4137	1	-48786.4
4138	1	-82338.9
4139	1	-19786.5
4140	1	92171.8
4141	1	94171.1
4142	1	-36785
4143	1	59685.5
4144	1	-76751.1
4145	1	98788.1
4146	1	84510.1
4147	1	-15464.1
4148	1	-71931.5
4149	1	-18566
4150	1	95886.2
4151	1	-41174.7
4152	1	35061.2
4153	1	-43544.3
4154	1	-4628.01
4155	1	88356.3
4156	1	-43427.1
4157	1	-46312
4158	1	-94384.7
4159	1	-28274
4160	1	-11984
4161	1	98533.8
4162	1	-92640.4
4163	1	-17819.8
4164	1	-20866.3
4165	1	-22400.6
4166	1	98865.2
4167	1	-86564.9
4168	1	-75652.5
4169	1	-1154.69
4170	1	-35748.3
4171	1	75988.4
4172	1	-97830.1
4173	1	89493.8
4174	1	-65682.7
4175	1	-166.608
4176	1	-55642.5
4177	1	70515.3
4178	1	-36620.9
4179	1	-47311.9
4180	1	71753.9
4181	1	33744.2
4182	1	-41655.8
4183	1	-74540
4184	1	-92977.7
4185	1	95918.1
4186	1	34401.2
4187	1	89756.7
4188	1	-43472.1
4189	1	-87270.5
4190	1	-78769.3
4191	1	39312.1
4192	1	28184.8
4193	1	-83328.2
4194	1	-19800.5
4195	1	-5363.18
4196	1	42010.8
4197	1	55961.1
4198	1	38289.5
4199	1	31286.6
4200	1	-99257.4
4201	1	-23555
4202	1	-49899.7
4203	1	-71078.8
4204	1	-23859.8
4205	1	-31645.2
4206	1	22910.4
4207	1	9590.55
4208	1	79809.8
4209	1	-67817.7
4210	1	73202.3
4211	1	4029.49
4212	1	64312.5
4213	1	24424.2
4214	1	69430.8
4215	1	48765.8
4216	1	88491.7
4217	1	-77633
4218	1	-63098.8
4219	1	79410.5
4220	1	-26810.1
4221	1	23845.4
4222	1	-1768.21
4223	1	-87153
4224	1	-74616.4
4225	1	-13238.5
4226	1	24674.2
4227	1	-37129.4
4228	1	24107.4
4229	1	77672.2
4230	1	33665.1
4231	1	-4724.82
4232	1	65469.4
4233	1	76829.2
4234	1	33624.9
4235	1	-9114.29
4236	1	-79290.5
4237	1	-1802.55
4238	1	11242.7
4239	1	-86078.1
4240	1	-44105.9
4241	1	79808.1
4242	1	22708.1
4243	1	80352.3
4244	1	15496.7
4245	1	79109.5
4246	1	75177.2
4247	1	-38488.7
4248	1	-22537.5
4249	1	-28273.6
4250	1	40960.4
4251	1	-41737.9
4252	1	54478.3
4253	1	-22988.3
4254	1	65848
4255	1	-17518.5
4256	1	25184.8
4257	1	-15831.4
4258	1	-53767.2
4259	1	-47090.4
4260	1	48501.6
4261	1	7088.51
4262	1	59893.5
4263	1	-42796.2
4264	1	-28500.9
4265	1	-80333
4266	1	-64761.3
4267	1	-16305.4
4268	1	-65437.7
4269	1	-43901.7
4270	1	48121.4
4271	1	-51541.6
4272	1	78234.2
4273	1	82340
4274	1	26498
4275	1	-44896.9
4276	1	-22018
4277	1	-48722
4278	1	11979.3
4279	1	55320
4280	1	-56021.3
4281	1	-82945.8
4282	1	29633
4283	1	76798.5
4284	1	-77655.7
4285	1	-41963.8
4286	1	-38086.4
4287	1	-34692.1
4288	1	9953.08
4289	1	38186.1
4290	1	88624.6
4291	1	-7430.45
4292	1	12527.6
4293	1	-76965.8
4294	1	67898
4295	1	-71386.4
4296	1	-1733.31
4297	1	-64125.1
4298	1	72762.3
4299	1	-45410.8
4300	1	69895.8
4301	1	-32609.7
4302	1	20572.3
4303	1	90343.4
4304	1	-58780.1
4305	1	55692.9
4306	1	-47752.7
4307	1	-8230.85
4308	1	-43007.3
4309	1	-85323.5
4310	1	-4295.57
4311	1	8533.78
4312	1	95866.6
4313	1	16663.2
4314	1	36729.6
4315	1	-62626.3
4316	1	17334.9
4317	1	33568.4
4318	1	964.638
4319	1	-26145
4320	1	87045.8
4321	1	27780
4322	1	31240.3
4323	1	51617
4324	1	-64002.2
4325	1	-21571.7
4326	1	-50300.3
4327	1	-15347.1
4328	1	-97669
4329	1	-79164.7
4330	1	-26353.2
4331	1	-70922.6
4332	1	-19336.6
4333	1	49376.8
4334	1	-10845.6
4335	1	-30271.8
4336	1	-56624.1
4337	1	-7356.87
4338	1	-4644.38
4339	1	-69291.3
4340	1	-28862
4341	1	-11303.4
4342	1	49610.9
4343	1	66775.6
4344	1	-53560.1
4345	1	20503.2
4346	1	-84779
4347	1	70544.7
4348	1	-87480
4349	1	3006.77
4350	1	-69173.1
4351	1	-62272.9
4352	1	-44158.5
4353	1	35327.7
4354	1	-35271.1
4355	1	-26966.5
4356	1	73445.4
4357	1	87427.6
4358	1	-1094.07
4359	1	35463.7
4360	1	-67431.4
4361	1	-31968.9
4362	1	33023.9
4363	1	-96107.5
4364	1	-98953.1
4365	1	-64995.3
4366	1	-21219.7
4367	1	46677.4
4368	1	-80421.3
4369	1	-68957
4370	1	39297.2
4371	1	27667.5
4372	1	-48417.4
4373	1	70450.2
4374	1	-16478.7
4375	1	-31218.9
4376	1	-11405.9
4377	1	-36973.3
4378	1	49767.9
4379	1	13705.8
4380	1	79118.1
4381	1	-51184.9
4382	1	47610.6
4383	1	73371.9
4384	1	95496.4
4385	1	-6433.98
4386	1	7498.16
4387	1	-79993.3
4388	1	49284.4
4389	1	-89341.6
4390	1	41244
4391	1	21226.9
4392	1	37838.9
4393	1	-2601.69
4394	1	-22244.3
4395	1	-45522.4
4396	1	24118.1
4397	1	-80631.7
4398	1	36496.7
4399	1	-30993.2
4400	1	82131.9
4401	1	-84012.5
4402	1	-29102.5
4403	1	-4717.47
4404	1	37731.5
4405	1	-12320.4
4406	1	-13847.8
4407	1	-69670.8
4408	1	34795.4
4409	1	56632.7
4410	1	24576.9
4411	1	78581.7
4412	1	21036.4
4413	1	59645.5
4414	1	-93138.5
4415	1	75692.3
4416	1	32788
4417	1	70688.8
4418	1	-55885.8
4419	1	-95126.1
4420	1	3967.98
4421	1	-91389.5
4422	1	-81637.9
4423	1	58380
4424	1	-19649.6
4425	1	-4925.61
4426	1	-54999.7
4427	1	85647.7
4428	1	5453.4
4429	1	2056.48
4430	1	-36431.3
4431	1	3541.58
4432	1	-84013.5
4433	1	-51836.5
4434	1	-39412.3
4435	1	1178.68
4436	1	70423.9
4437	1	-25772
4438	1	12356.3
4439	1	2450.09
4440	1	46236.1
4441	1	-2958.08
4442	1	-34607.2
4443	1	62328.4
4444	1	-79175.8
4445	1	-63906.8
4446	1	-99338.5
4447	1	35300.1
4448	1	-10736.2
4449	1	-72112.7
4450	1	-88929.8
4451	1	-706.897
4452	1	66906.5
4453	1	-18270.1
4454	1	-9932.28
4455	1	-49863.8
4456	1	72465.6
4457	1	-35962.9
4458	1	-10100.4
4459	1	-28935.8
4460	1	99287.3
4461	1	64380.9
4462	1	-28485.5
4463	1	-38673.7
4464	1	9377.8
4465	1	94970.4
4466	1	58766.4
4467	1	26742.8
4468	1	-33495
4469	1	-62491.2
4470	1	18126.2
4471	1	27775.5
4472	1	74026.7
4473	1	-44657
4474	1	79226.3
4475	1	25924
4476	1	-17075.3
4477	1	-28898.1
4478	1	84983.9
4479	1	25414.3
4480	1	-53771.7
4481	1	-33899.5
4482	1	98208.4
4483	1	-77247.6
4484	1	77999.1
4485	1	-25736.2
4486	1	-18844.1
4487	1	-77660.6
4488	1	61432.4
4489	1	75319.5
4490	1	25012.5
4491	1	33711.7
4492	1	16208.9
4493	1	-66040.7
4494	1	86900.2
4495	1	-86083.4
4496	1	-24671.3
4497	1	-34733.6
4498	1	-25792.2
4499	1	-50363.2
4500	1	81194.6
4501	1	-51304.6
4502	1	-43698.4
4503	1	-16370.7
4504	1	-17595.1
4505	1	42307.9
4506	1	98557.1
4507	1	-63865.1
4508	1	-41863.3
4509	1	34935.5
4510	1	-42907.3
4511	1	-63877.9
4512	1	-24321.1
4513	1	53015.2
4514	1	-5255.16
4515	1	90225.9
4516	1	32165.8
4517	1	37038.4
4518	1	-35213.4
4519	1	57408.9
4520	1	-83807.4
4521	1	44394.4
4522	1	-2559.94
4523	1	-55092.9
4524	1	-82171.7
4525	1	12626.8
4526	1	-31570.4
4527	1	-56969.5
4528	1	51021
4529	1	5772.87
4530	1	-43228.3
4531	1	89316
4532	1	78982.4
4533	1	39832.6
4534	1	8272.03
4535	1	28165.8
4536	1	77614.3
4537	1	-67718.3
4538	1	71365.9
4539	1	20128.2
4540	1	-80331.3
4541	1	48262.6
4542	1	-77453.6
4543	1	98753.8
4544	1	88035.7
4545	1	-30663.9
4546	1	47161.5
4547	1	-66012.7
4548	1	-84440.8
4549	1	30781.9
4550	1	-37145.8
4551	1	86589.7
4552	1	-10271.2
4553	1	-1304.35
4554	1	90409.7
4555	1	-27254.6
4556	1	-46648.1
4557	1	5291.7
4558	1	-55579.1
4559	1	-5867.98
4560	1	6405.45
4561	1	-64958.7
4562	1	95659.4
4563	1	30359.5
4564	1	-71226.6
4565	1	95859.2
4566	1	56494.2
4567	1	67096.1
4568	1	26776.2
4569	1	64235.6
4570	1	75455.7
4571	1	-45589.5
4572	1	58697.8
4573	1	78574.6
4574	1	-10764.4
4575	1	-21958.4
4576	1	8110.72
4577	1	84494.6
4578	1	31560.9
4579	1	-67015.5
4580	1	47474.8
4581	1	-6505.49
4582	1	70479.7
4583	1	-27342.6
4584	1	72613.8
4585	1	67167.4
4586	1	81996.2
4587	1	-64382.5
4588	1	48290.2
4589	1	-8738.25
4590	1	-300.403
4591	1	37962.2
4592	1	90422.1
4593	1	-43327.5
4594	1	88594.1
4595	1	-30415
4596	1	65332.7
4597	1	-23998
4598	1	-71896
4599	1	91038.6
4600	1	29691.9
4601	1	22488.4
4602	1	89743.3
4603	1	97602.4
4604	1	20950.8
4605	1	85137.6
4606	1	-33399.5
4607	1	-63598.3
4608	1	-31450
4609	1	-66241.3
4610	1	37825
4611	1	37759.3
4612	1	18774.9
4613	1	-22420.4
4614	1	61086.9
4615	1	42615.5
4616	1	1760.79
4617	1	-79467.5
4618	1	-31078
4619	1	29459.9
4620	1	-95084.7
4621	1	-80807.2
4622	1	48674.7
4623	1	-23492.5
4624	1	11083.1
4625	1	-87245.8
4626	1	-67441.7
4627	1	-1943.41
4628	1	-35454.4
4629	1	-27363.6
4630	1	-8665.38
4631	1	4374.15
4632	1	61288.2
4633	1	-19890.3
4634	1	11389.9
4635	1	-38987.8
4636	1	24792.6
4637	1	59815
4638	1	48678.6
4639	1	86952
4640	1	40558.4
4641	1	84302.5
4642	1	-35038.6
4643	1	26044.2
4644	1	29320
4645	1	-34061.8
4646	1	26107
4647	1	7429.49
4648	1	86583
4649	1	-21322.3
4650	1	28141.3
4651	1	34002
4652	1	52651.5
4653	1	-26268.8
4654	1	-44674.3
4655	1	-38750.9
4656	1	-58782.4
4657	1	97229.5
4658	1	84026.5
4659	1	-51625.8
4660	1	-75654.8
4661	1	68982
4662	1	5224.7
4663	1	-83483
4664	1	93155.2
4665	1	91315.6
4666	1	-17383
4667	1	-7675.28
4668	1	13765.6
4669	1	-86895.1
4670	1	56141.4
4671	1	-535.7
4672	1	-59338.2
4673	1	13289.5
4674	1	-84220.8
4675	1	-74844.3
4676	1	-67102.6
4677	1	8364.59
4678	1	-6717.38
4679	1	70172.4
4680	1	26186.1
4681	1	36074.6
4682	1	-5724.36
4683	1	-69146.7
4684	1	87474.2
4685	1	-81000.8
4686	1	23985.8
4687	1	2479.32
4688	1	39211.2
4689	1	41092.9
4690	1	-12806.9
4691	1	95716.7
4692	1	79678.1
4693	1	-31719.6
4694	1	94553.2
4695	1	16716.7
4696	1	-4146.77
4697	1	9604.87
4698	1	-60818.9
4699	1	76681.2
4700	1	97194.8
4701	1	37486.3
4702	1	79520.8
4703	1	73217.8
4704	1	76320.9
4705	1	-89206.8
4706	1	-10851.5
4707	1	36524.6
4708	1	66116.7
4709	1	35329.2
4710	1	-47167.9
4711	1	20683.2
4712	1	98115.3
4713	1	-7664.49
4714	1	57152.2
4715	1	-60591.3
4716	1	58652.1
4717	1	-12712.6
4718	1	21047.9
4719	1	37128.8
4720	1	-59769
4721	1	89129.3
4722	1	-28873.7
4723	1	-52486.8
4724	1	89314.7
4725	1	-44580.7
4726	1	70422.5
4727	1	4118.53
4728	1	5590.14
4729	1	18645.1
4730	1	-11741
4731	1	48260.5
4732	1	-58798.7
4733	1	-72237.2
4734	1	4435.98
4735	1	-85669.6
4736	1	-8159.1
4737	1	-15728
4738	1	-34014.2
4739	1	11930.3
4740	1	-40406.5
4741	1	73219.6
4742	1	67531.3
4743	1	50575.9
4744	1	-76207.4
4745	1	55072.2
4746	1	60507.5
4747	1	41705.3
4748	1	-23367.9
4749	1	-68121.6
4750	1	-98949.3
4751	1	26166.1
4752	1	-434.462
4753	1	674.301
4754	1	22985.5
4755	1	-69179.5
4756	1	69174.7
4757	1	-36389.7
4758	1	-95790.1
4759	1	12020.1
4760	1	-55446
4761	1	-36406.3
4762	1	46234.1
4763	1	-42985.4
4764	1	-96707.9
4765	1	-62727.2
4766	1	-21714
4767	1	-76928.7
4768	1	53338.9
4769	1	-78221.8
4770	1	-22650.5
4771	1	58693
4772	1	90735.1
4773	1	-7451.37
4774	1	-4486.92
4775	1	-8931.78
4776	1	-97938.3
4777	1	-97742.9
4778	1	79575
4779	1	9480.37
4780	1	74964.8
4781	1	-80532.5
4782	1	-38400.2
4783	1	-18050
4784	1	-5650.99
4785	1	-49674.2
4786	1	-84299.3
4787	1	-77986.8
4788	1	88766.2
4789	1	-98543.5
4790	1	64441.6
4791	1	64341.7
4792	1	-76807.6
4793	1	345.58
4794	1	79767.9
4795	1	85026.2
4796	1	38577
4797	1	-76389.8
4798	1	-44565.1
4799	1	-24988.5
4800	1	-36376.5
4801	1	25582.2
4802	1	71875.5
4803	1	75062.8
4804	1	-7604.09
4805	1	82431
4806	1	87948.7
4807	1	-26920.2
4808	1	90987.9
4809	1	-86143.1
4810	1	15950.2
4811	1	-76954.2
4812	1	-14620
4813	1	-62904.4
4814	1	33597.2
4815	1	81161.7
4816	1	-75564
4817	1	60288.2
4818	1	-63775.4
4819	1	17999.4
4820	1	78608.2
4821	1	40114.1
4822	1	88371.9
4823	1	-82673.3
4824	1	-4656.96
4825	1	71034.2
4826	1	-54373.8
4827	1	-17453.9
4828	1	26343.9
4829	1	-32727.5
4830	1	12409.8
4831	1	3771.75
4832	1	41991.1
4833	1	-31882.2
4834	1	47029.4
4835	1	-23869.5
4836	1	-33493.7
4837	1	27466.8
4838	1	45853.2
4839	1	-56437.8
4840	1	-99891.4
4841	1	83053.9
4842	1	71584.7
4843	1	-67500.3
4844	1	-42442
4845	1	-2526.03
4846	1	73347.7
4847	1	75553.6
4848	1	26464
4849	1	38041.4
4850	1	-19224.8
4851	1	67748.6
4852	1	-19396.3
4853	1	-92103.5
4854	1	10420.2
4855	1	-11762.3
4856	1	44374.4
4857	1	68848.7
4858	1	45565.4
4859	1	-27159.6
4860	1	1356
4861	1	-78042.5
4862	1	-84250.4
4863	1	-51611.3
4864	1	98363.8
4865	1	-14057.6
4866	1	-55901
4867	1	-92219.2
4868	1	-68490.7
4869	1	-91369.2
4870	1	-3883.61
4871	1	-51035.5
4872	1	-59632.8
4873	1	-6245.83
4874	1	46891.2
4875	1	-60640.6
4876	1	13608.7
4877	1	-57866.1
4878	1	34328.9
4879	1	93059.9
4880	1	-132.692
4881	1	-721.079
4882	1	47500.1
4883	1	89936.8
4884	1	-24681.6
4885	1	-79675.6
4886	1	-38164
4887	1	93033.4
4888	1	41965.6
4889	1	-25893.9
4890	1	20720.9
4891	1	39990.3
4892	1	-37642.5
4893	1	-82850.1
4894	1	18331.8
4895	1	46459.6
4896	1	92732.1
4897	1	84629.4
4898	1	-42100.3
4899	1	99421.8
4900	1	12061.7
4901	1	-91079.1
4902	1	87986.8
4903	1	98283.5
4904	1	-60050.3
4905	1	-44271.9
4906	1	29567.7
4907	1	-8844.48
4908	1	68049.7
4909	1	-49903
4910	1	35684.9
4911	1	30111.4
4912	1	12033.3
4913	1	27917
4914	1	6104.23
4915	1	11158.8
4916	1	-43739.3
4917	1	-11283
4918	1	-86911.5
4919	1	92387.9
4920	1	-82334.4
4921	1	51524.3
4922	1	82305.1
4923	1	3350.44
4924	1	-11235
4925	1	41322.6
4926	1	81396.9
4927	1	7211.62
4928	1	-74898
4929	1	65927.7
4930	1	-67630.5
4931	1	-41865.5
4932	1	63992.4
4933	1	-33395.8
4934	1	81228.7
4935	1	-51261.2
4936	1	50884.6
4937	1	-68739.3
4938	1	72307.5
4939	1	-70084.6
4940	1	-83058.8
4941	1	-29673
