5041	1	5041
1	1	3937.69
2	1	-99759.6
3	1	75663.6
4	1	-96893.1
5	1	-60820.5
6	1	-94845
7	1	88055.6
8	1	-73910.6
9	1	-75257.3
10	1	-82225.3
11	1	76579.9
12	1	28143.1
13	1	-88434.1
14	1	23745.5
15	1	74144.8
16	1	-31822.9
17	1	-18107.2
18	1	-32398.5
19	1	-72481
20	1	56430.1
21	1	-15152
22	1	68702.9
23	1	78716.4
24	1	-17307.2
25	1	-38085.9
26	1	-73391.1
27	1	94974.8
28	1	-10952.2
29	1	49827
30	1	97622.4
31	1	-13502.3
32	1	13832.5
33	1	-26306.2
34	1	-97607.7
35	1	-27923.4
36	1	55280.3
37	1	29059.1
38	1	11594.8
39	1	83123.1
40	1	8779.1
41	1	48710.6
42	1	94507.4
43	1	77405.4
44	1	8267.19
45	1	-34685
46	1	-61428.6
47	1	-89664.7
48	1	-90841.8
49	1	-52398.4
50	1	-21692.6
51	1	-58663.7
52	1	183.538
53	1	74493.3
54	1	31991.1
55	1	-93330.1
56	1	73837.9
57	1	72988.5
58	1	-13348.9
59	1	-72483
60	1	57820
61	1	4506.42
62	1	66215.7
63	1	-38037
64	1	-26312.5
65	1	-98752
66	1	83712.1
67	1	-84379.5
68	1	-11511.9
69	1	81040.9
70	1	60210
71	1	94338.2
72	1	40877.5
73	1	46423.7
74	1	-37474.1
75	1	-96874.8
76	1	64325.5
77	1	15643
78	1	16718.2
79	1	-36854.5
80	1	27922.7
81	1	-38616.4
82	1	-94796.9
83	1	-97663.7
84	1	56936.7
85	1	12183.2
86	1	-48278.5
87	1	61973.4
88	1	19618.4
89	1	-57687.8
90	1	-21934.4
91	1	34143.6
92	1	-2479.15
93	1	-60280.8
94	1	34963.3
95	1	88171.1
96	1	21137.5
97	1	-60515.8
98	1	50345.4
99	1	84716.2
100	1	-89091.9
101	1	-52792.8
102	1	-55937.1
103	1	-85834.9
104	1	66577.8
105	1	59190.2
106	1	-18737.6
107	1	-78228.5
108	1	-27256.4
109	1	-2824.08
110	1	41574.6
111	1	-50420
112	1	98925.3
113	1	10023.5
114	1	53445.4
115	1	-36964.6
116	1	74352.3
117	1	-1199.05
118	1	-65167.5
119	1	46872.8
120	1	-78890.8
121	1	-28709.2
122	1	-62715.5
123	1	-5548.95
124	1	-7073.06
125	1	97452.6
126	1	70307.9
127	1	-10051.4
128	1	-81838.4
129	1	80809.4
130	1	22802.2
131	1	-29765.2
132	1	95493.6
133	1	34840.9
134	1	-40269.3
135	1	-42555.8
136	1	-51694.8
137	1	88757.3
138	1	-79503.4
139	1	36587.9
140	1	76806.7
141	1	60466.5
142	1	90491.5
143	1	41487.4
144	1	-48398
145	1	17286
146	1	41056.5
147	1	14904.9
148	1	87912.5
149	1	-79793.8
150	1	-68271.3
151	1	-6497.22
152	1	-9034.63
153	1	55834.8
154	1	80664.7
155	1	99620.7
156	1	-56623.2
157	1	5874.65
158	1	-54648.3
159	1	5422.5
160	1	66502
161	1	97090.9
162	1	33708.8
163	1	-78552.8
164	1	89294.2
165	1	-46911.4
166	1	96592.1
167	1	24629.9
168	1	-57626.3
169	1	84131.1
170	1	66543.6
171	1	-84329.4
172	1	-55799.5
173	1	20637.9
174	1	-81913.9
175	1	-82953.3
176	1	-16685.9
177	1	-95062.7
178	1	-99441.8
179	1	-91894.2
180	1	-88986.4
181	1	66142.6
182	1	-99116.2
183	1	-22980.9
184	1	65784.8
185	1	-10016.3
186	1	18685.6
187	1	-21399.1
188	1	-89752
189	1	-24637.2
190	1	35970.9
191	1	-17546.5
192	1	-24199.8
193	1	16154.2
194	1	-2851.83
195	1	97087.5
196	1	-33637.6
197	1	-54305.7
198	1	-32998.1
199	1	78529.5
200	1	24572.9
201	1	88997.9
202	1	-28684.2
203	1	-29979.2
204	1	-44296.3
205	1	86293
206	1	-67186.6
207	1	74840.2
208	1	80406
209	1	23743.1
210	1	-76182.6
211	1	30515.2
212	1	-23968
213	1	-61797.4
214	1	-29512.2
215	1	17284.8
216	1	65888.1
217	1	-45141.5
218	1	10970.1
219	1	6032.27
220	1	3490.05
221	1	-32413.3
222	1	3349.81
223	1	65808.8
224	1	26012.1
225	1	-19842.6
226	1	70515.3
227	1	10935.2
228	1	-6829.15
229	1	54569.7
230	1	28951.5
231	1	84154.9
232	1	27857.4
233	1	93956.6
234	1	52614
235	1	75178.1
236	1	32716.6
237	1	92738.7
238	1	1346.8
239	1	-50887
240	1	-19072.5
241	1	92510.4
242	1	-66348.1
243	1	44059
244	1	29307
245	1	-72232.8
246	1	53047.2
247	1	78914.6
248	1	99138.5
249	1	30043.7
250	1	-69061.3
251	1	-81137.9
252	1	-35211.6
253	1	-48371.5
254	1	27327.2
255	1	28632.3
256	1	47176.1
257	1	-56933.4
258	1	-89748.4
259	1	45557
260	1	50061.3
261	1	-78032.4
262	1	-15317.7
263	1	-6032.49
264	1	15605.1
265	1	-33267.2
266	1	24875.4
267	1	33259.7
268	1	-4144.58
269	1	25546.6
270	1	-76480
271	1	24705.7
272	1	92417.2
273	1	50511.3
274	1	88308.6
275	1	-23702.8
276	1	-40752.8
277	1	32926.6
278	1	-58436.5
279	1	55587.2
280	1	-39055.1
281	1	76580.7
282	1	-66096.3
283	1	52514.7
284	1	95068.4
285	1	-69899.4
286	1	-19173.6
287	1	-30947.9
288	1	69951.6
289	1	33842.1
290	1	33066.4
291	1	-60189
292	1	-45783.8
293	1	15091.8
294	1	35987.5
295	1	-12094.8
296	1	79967.7
297	1	-98502.6
298	1	17347.7
299	1	-20121.1
300	1	-39817.7
301	1	-90086.2
302	1	67440.9
303	1	56738.5
304	1	-34811.2
305	1	-70585.2
306	1	-45133.7
307	1	-84288.8
308	1	2951.77
309	1	70202.6
310	1	64243
311	1	81225.7
312	1	53335.6
313	1	37299.5
314	1	20675.4
315	1	-71016.4
316	1	60310.7
317	1	-16732.1
318	1	27743.8
319	1	53669.3
320	1	-90010.2
321	1	-22774.5
322	1	29454.1
323	1	-12470.8
324	1	55529.1
325	1	-31031.9
326	1	-61730.4
327	1	-93120.7
328	1	53080.6
329	1	-34526.4
330	1	12438.7
331	1	-14844.1
332	1	97996.3
333	1	47913.1
334	1	-82047.4
335	1	-19496.1
336	1	-51041
337	1	31021.1
338	1	-34354.3
339	1	96398.6
340	1	75284
341	1	34620.3
342	1	95421.7
343	1	97848.3
344	1	43048.1
345	1	-38479.7
346	1	-32373.4
347	1	-82117
348	1	-5451.8
349	1	64886.1
350	1	5460.26
351	1	-85213.1
352	1	-88559.6
353	1	-74361.9
354	1	13264.1
355	1	-23865.3
356	1	58109.2
357	1	-59389.1
358	1	82092.6
359	1	81988.6
360	1	-31307.1
361	1	78603.5
362	1	-15208.8
363	1	-46233
364	1	71959.9
365	1	77823.7
366	1	-25761.9
367	1	12415.9
368	1	-10253.6
369	1	-76487.3
370	1	-17111.2
371	1	-70668.8
372	1	458.735
373	1	57471.4
374	1	-54827.5
375	1	-8792.36
376	1	-93432.8
377	1	64372.3
378	1	-70061.2
379	1	68187.6
380	1	28627.5
381	1	90836.9
382	1	-51672.5
383	1	17576.4
384	1	-27136.4
385	1	-44039.5
386	1	79002.1
387	1	84700.6
388	1	-6288.86
389	1	26041.5
390	1	-56900.1
391	1	-4407.84
392	1	-96791.5
393	1	-20740.8
394	1	56551.8
395	1	-8961.48
396	1	30797.9
397	1	65787.2
398	1	-39542.1
399	1	81452.6
400	1	-93445
401	1	37300.7
402	1	-86322.7
403	1	28426
404	1	-3085.49
405	1	3287.73
406	1	84544.3
407	1	3997.4
408	1	-82058.2
409	1	51710.7
410	1	-52025.3
411	1	17444.9
412	1	-78011.1
413	1	-95112.1
414	1	-65013.7
415	1	-75021.2
416	1	-81988.1
417	1	-20606.6
418	1	70363.3
419	1	34135
420	1	-89339.3
421	1	-96120.5
422	1	-12694.1
423	1	73905.1
424	1	93170.9
425	1	-48433.6
426	1	-72997.8
427	1	-9726.83
428	1	-82531.6
429	1	73161.5
430	1	-17890
431	1	-83664.4
432	1	41994.5
433	1	57427.2
434	1	-86994.9
435	1	-56102.9
436	1	-77062.8
437	1	-59084
438	1	59120.8
439	1	4512.07
440	1	48045
441	1	53228.6
442	1	84098.8
443	1	-98872.8
444	1	-64706.1
445	1	-6039.45
446	1	-66109.5
447	1	-16675.4
448	1	-7154.77
449	1	9331.48
450	1	-80705.6
451	1	-83039.1
452	1	-47576.4
453	1	-92113.5
454	1	60936.7
455	1	-77765.7
456	1	-25636.1
457	1	-69586.7
458	1	-92510.1
459	1	-88042.6
460	1	-15220.4
461	1	33477.9
462	1	-86547.7
463	1	-60223.3
464	1	-54190.5
465	1	82527
466	1	-63977.1
467	1	15018.2
468	1	-15966.4
469	1	22785.8
470	1	-58368.4
471	1	26511.2
472	1	-99255.6
473	1	11035.2
474	1	-45568.1
475	1	-79244.3
476	1	-87605
477	1	-51206.4
478	1	-12057
479	1	-80295.8
480	1	51942
481	1	658.824
482	1	61503.7
483	1	-48947.9
484	1	-5951.63
485	1	-3797.47
486	1	59282.9
487	1	43310.2
488	1	84597.2
489	1	14159.2
490	1	-29385.3
491	1	-20617.9
492	1	62461.4
493	1	-61331.8
494	1	-22945.2
495	1	-12203.6
496	1	87196.4
497	1	66250
498	1	-46066.4
499	1	-42777.6
500	1	-93989.1
501	1	84135.2
502	1	-780.65
503	1	2587.66
504	1	35288.2
505	1	9649.8
506	1	-44337.1
507	1	-59031.6
508	1	-74341.9
509	1	57158.4
510	1	56623.3
511	1	-26115.4
512	1	-12360.4
513	1	-41600.5
514	1	23068.5
515	1	-36303.3
516	1	60620.4
517	1	52415.3
518	1	74570.4
519	1	-76569.4
520	1	-70175.7
521	1	-92314.3
522	1	-84649.8
523	1	60913.3
524	1	75112.3
525	1	89039.6
526	1	-52048.6
527	1	21705.8
528	1	6419.98
529	1	49809.9
530	1	-73232.8
531	1	80977.3
532	1	94028
533	1	-94164
534	1	58608.5
535	1	84344.6
536	1	-54773.9
537	1	57602
538	1	-85025.8
539	1	38919.2
540	1	67699.6
541	1	26853.6
542	1	-32354.1
543	1	26575
544	1	-6985.54
545	1	-45717.5
546	1	-26757
547	1	76295.4
548	1	41544.5
549	1	-62875
550	1	58546.1
551	1	26854.1
552	1	-52642.7
553	1	-67973.6
554	1	-66725.1
555	1	-2707.14
556	1	-2553.68
557	1	-11756.1
558	1	96328.4
559	1	43351.4
560	1	-7362.64
561	1	-72168.1
562	1	48487.9
563	1	57888.2
564	1	55756.2
565	1	-73212.8
566	1	-24727
567	1	-50089.2
568	1	-40845.2
569	1	42749.3
570	1	73111.6
571	1	-11528.3
572	1	31562.6
573	1	-23558.6
574	1	73563.9
575	1	64960.2
576	1	-57519.8
577	1	92241.1
578	1	-41670.3
579	1	-18009.5
580	1	-23425.6
581	1	42148.4
582	1	68589.2
583	1	-74115.6
584	1	-57323.7
585	1	69799.6
586	1	82688.5
587	1	-58196.3
588	1	-66599.7
589	1	85753.7
590	1	-11582.5
591	1	-45714.4
592	1	-51298.3
593	1	39129.6
594	1	5433.81
595	1	66302
596	1	-58263.8
597	1	-29879.8
598	1	-34481.6
599	1	-61328.3
600	1	94344
601	1	83683.9
602	1	5004.53
603	1	83275
604	1	-31787.9
605	1	11754.7
606	1	-30761
607	1	70040.5
608	1	28432.9
609	1	58483.4
610	1	-51611.5
611	1	10062.3
612	1	-9808.45
613	1	79673
614	1	47848.5
615	1	430.784
616	1	26325.1
617	1	68180.8
618	1	27737.4
619	1	-76113
620	1	89482.2
621	1	64573.3
622	1	-19919.7
623	1	45895.8
624	1	-32661.6
625	1	-28785.2
626	1	79616.8
627	1	53106.6
628	1	-3020.46
629	1	45679.2
630	1	71410.7
631	1	1991.39
632	1	-85002.5
633	1	47121.5
634	1	12932.5
635	1	-91049.9
636	1	47395.4
637	1	-52112.9
638	1	87749.1
639	1	-60663.1
640	1	1456.99
641	1	30825.1
642	1	-37560.9
643	1	-85304.5
644	1	99272.2
645	1	68570.4
646	1	-2892.19
647	1	-38107.8
648	1	-86856.3
649	1	-94293.4
650	1	55847.7
651	1	-70068.3
652	1	53489.4
653	1	15139.3
654	1	-79838.2
655	1	-17943.1
656	1	40799.7
657	1	15550.9
658	1	-10335.3
659	1	7772.78
660	1	-98989.4
661	1	1781.02
662	1	-41692.9
663	1	-65181.7
664	1	89081.4
665	1	-1508.99
666	1	-64247
667	1	97460.8
668	1	27272.4
669	1	46188.8
670	1	-84291
671	1	29477
672	1	-71641.1
673	1	44429.1
674	1	-78146.1
675	1	-63959.8
676	1	98916.8
677	1	83335.2
678	1	-65582
679	1	46699.5
680	1	-35343.9
681	1	-6135.58
682	1	88544
683	1	-40322.3
684	1	87106.4
685	1	71146.8
686	1	-16083
687	1	1615.26
688	1	-18827.9
689	1	-15041.7
690	1	36280.9
691	1	-64174.8
692	1	-88207.1
693	1	-44873.6
694	1	-1370.92
695	1	-53891.9
696	1	11689.7
697	1	-48435.3
698	1	68200.8
699	1	-34708.2
700	1	84035.7
701	1	32202.1
702	1	-2475.58
703	1	-8635.22
704	1	-44922.2
705	1	6213.71
706	1	-21966.2
707	1	34884.4
708	1	44643.5
709	1	45991.5
710	1	56840.6
711	1	30918.4
712	1	12916.1
713	1	-54299.8
714	1	-91306.3
715	1	-36606
716	1	56308.1
717	1	3457.83
718	1	13479.5
719	1	-30484.8
720	1	45491.5
721	1	-58664.8
722	1	52798
723	1	-70198.2
724	1	74532.5
725	1	58815.5
726	1	70204.1
727	1	94449
728	1	69704.9
729	1	-10350.4
730	1	-96777.1
731	1	-42766.3
732	1	-92249.8
733	1	24395.3
734	1	-48607.9
735	1	-24901.2
736	1	-3883.43
737	1	-17883.5
738	1	-33658.9
739	1	69801.3
740	1	-16242.6
741	1	-54431.1
742	1	-44257.1
743	1	-38891.1
744	1	91204.5
745	1	-57530.5
746	1	-9390.78
747	1	-32253.5
748	1	34863.7
749	1	-7601.49
750	1	-65988.5
751	1	-64568.9
752	1	80002.5
753	1	-33725.4
754	1	-15899.5
755	1	-84701.3
756	1	-76804.6
757	1	-3172.33
758	1	97347.7
759	1	45347.7
760	1	-72327.4
761	1	18250.7
762	1	-17144.2
763	1	21159.6
764	1	-5398.72
765	1	-79758.7
766	1	-84742.1
767	1	29997.1
768	1	-4360.53
769	1	-30606.2
770	1	-91019.5
771	1	61921.4
772	1	-89447.3
773	1	39760.6
774	1	-84317.8
775	1	-53764.3
776	1	18146.8
777	1	46522.7
778	1	-72042.5
779	1	33419.1
780	1	99409.1
781	1	36644.7
782	1	-91482.2
783	1	-4819.12
784	1	64104
785	1	29703.8
786	1	65776.8
787	1	-66451
788	1	96972.7
789	1	68040.9
790	1	-14471.7
791	1	73392.6
792	1	-61428
793	1	96617.3
794	1	-22376.6
795	1	-15106.3
796	1	1138.68
797	1	50006.2
798	1	-53689.5
799	1	84239.4
800	1	-88747.6
801	1	9409.34
802	1	68841.9
803	1	95115.3
804	1	92170.2
805	1	60161.6
806	1	-41359.9
807	1	-41025.9
808	1	95075.6
809	1	82374.5
810	1	3865.09
811	1	63970.4
812	1	-29179.6
813	1	-86451.2
814	1	6875.25
815	1	91417.3
816	1	-40384.5
817	1	-67854.5
818	1	-40646
819	1	-93582
820	1	-1287.56
821	1	-5146.17
822	1	7873.36
823	1	38294.7
824	1	-39591
825	1	-51265.8
826	1	49270.9
827	1	-97757.5
828	1	48380.8
829	1	29374.4
830	1	65940.6
831	1	35692.5
832	1	-22878
833	1	96109.3
834	1	48340.1
835	1	50676.5
836	1	-56120.7
837	1	89567
838	1	62231.5
839	1	-84574.8
840	1	18640.3
841	1	-84365.4
842	1	-4992.02
843	1	48067.2
844	1	-37487.7
845	1	-59165.7
846	1	10997.5
847	1	-32951.5
848	1	83737.1
849	1	-26470.1
850	1	66623
851	1	-23309.3
852	1	26558.1
853	1	56009.7
854	1	-94008.2
855	1	-56918.5
856	1	99320.2
857	1	-65089.9
858	1	4285.62
859	1	46830.8
860	1	-15390
861	1	-13601.6
862	1	93248.6
863	1	23710.6
864	1	55989.6
865	1	18843
866	1	-38870.2
867	1	-82020.8
868	1	19327.9
869	1	61276
870	1	81150.4
871	1	81144.6
872	1	58330.3
873	1	-11610.2
874	1	14561.4
875	1	-51132.4
876	1	68691.7
877	1	14481.2
878	1	14068.3
879	1	84723.4
880	1	-74151.8
881	1	78404.6
882	1	-36299.6
883	1	65878.8
884	1	62256.7
885	1	-90776.1
886	1	-26923.3
887	1	74083.6
888	1	-62260.5
889	1	-89234.9
890	1	-56446.6
891	1	-76821.8
892	1	76628.5
893	1	10762.3
894	1	-45173.8
895	1	-28372
896	1	816.487
897	1	-13126.2
898	1	-63009.3
899	1	-56315
900	1	44252.3
901	1	-32258.3
902	1	-17638
903	1	-99495.4
904	1	48002.1
905	1	-11590
906	1	57443.7
907	1	67946.5
908	1	93569.4
909	1	60609
910	1	-81771.5
911	1	-68678.6
912	1	-51828.1
913	1	34338.2
914	1	-1077.63
915	1	46365.7
916	1	-11573.9
917	1	-66485.9
918	1	58601.4
919	1	54366
920	1	-72942.8
921	1	79989.9
922	1	22221
923	1	-4825.19
924	1	47455.3
925	1	90532
926	1	-60950.8
927	1	98114.9
928	1	-50357.8
929	1	-45667.6
930	1	-87870.9
931	1	-89279.5
932	1	63840.1
933	1	-59526.5
934	1	3545.86
935	1	-97294.1
936	1	85171.7
937	1	-12847.6
938	1	32975.9
939	1	-87835.9
940	1	72588.3
941	1	-1414.77
942	1	41140.8
943	1	-81094.4
944	1	43873.2
945	1	36253.4
946	1	-40872.6
947	1	98294.1
948	1	-78147.5
949	1	91930.9
950	1	39882
951	1	26824.6
952	1	92451.7
953	1	-21347.8
954	1	54534.5
955	1	52522.3
956	1	89893.4
957	1	-82684.4
958	1	24382.7
959	1	-97237.9
960	1	4659.29
961	1	19489.6
962	1	8121.3
963	1	-97538.5
964	1	24422.8
965	1	-31688
966	1	-28704.3
967	1	41077.4
968	1	-56537.5
969	1	84977.5
970	1	17234
971	1	-41413.8
972	1	79857.5
973	1	-61666.4
974	1	-56960.4
975	1	-5735.19
976	1	-41390.6
977	1	-7642.29
978	1	-68870
979	1	85598.9
980	1	-78030.8
981	1	34051.2
982	1	-47536.9
983	1	-41731.3
984	1	-84507.3
985	1	9406.06
986	1	1844.68
987	1	72815.2
988	1	20870.4
989	1	-4490.16
990	1	28614.5
991	1	-49733.4
992	1	-9868.69
993	1	37348
994	1	-46724
995	1	-73063.5
996	1	-94702.5
997	1	56388.1
998	1	-9621.87
999	1	-12770.4
1000	1	-73106.2
1001	1	40166
1002	1	81222.3
1003	1	48005.2
1004	1	-27083.8
1005	1	-95940.2
1006	1	28793.3
1007	1	-31893
1008	1	-86948.1
1009	1	-92519.9
1010	1	42455.9
1011	1	-57622.9
1012	1	-35191
1013	1	-67489.6
1014	1	5652.27
1015	1	58548.9
1016	1	-16940.6
1017	1	-22121.4
1018	1	14149.2
1019	1	74208.6
1020	1	84389.1
1021	1	95907.2
1022	1	-62608.6
1023	1	32924.5
1024	1	-48674.7
1025	1	-10279.8
1026	1	-47889.8
1027	1	68397
1028	1	-57536.6
1029	1	-82152.2
1030	1	-5678.02
1031	1	-76164.2
1032	1	69756.2
1033	1	90469.8
1034	1	-1484.24
1035	1	-31508.4
1036	1	-12507.5
1037	1	-39593.1
1038	1	-8066.49
1039	1	-13359.2
1040	1	79229.3
1041	1	-58212.8
1042	1	-47297.2
1043	1	-38651.5
1044	1	-35786.3
1045	1	15414.1
1046	1	28847.5
1047	1	4544.55
1048	1	47004.6
1049	1	80915.4
1050	1	10195.8
1051	1	-24373.2
1052	1	-31852
1053	1	94056.9
1054	1	76431.5
1055	1	-17600.9
1056	1	34803.8
1057	1	56301.4
1058	1	-18007.7
1059	1	-92665.4
1060	1	-94994.2
1061	1	83078.9
1062	1	89453.7
1063	1	26893.7
1064	1	75719
1065	1	13306.8
1066	1	-42149.7
1067	1	-26608.8
1068	1	27803
1069	1	70452.8
1070	1	81822.7
1071	1	15329.3
1072	1	-24214.1
1073	1	65175.2
1074	1	-73635.9
1075	1	1617.43
1076	1	72944.9
1077	1	-40851
1078	1	57867.9
1079	1	39436.3
1080	1	-76709.1
1081	1	47233.5
1082	1	-63226.7
1083	1	35906.3
1084	1	10347.4
1085	1	-14034.4
1086	1	50840.3
1087	1	-83465.5
1088	1	-72373.5
1089	1	87705.1
1090	1	-22639.5
1091	1	-85470.7
1092	1	-23609.9
1093	1	62965.2
1094	1	28760.7
1095	1	-35506.1
1096	1	59685.2
1097	1	-81374.1
1098	1	27600.5
1099	1	-44864.1
1100	1	-86564.9
1101	1	98449.4
1102	1	-22885.4
1103	1	57499.1
1104	1	-23600.3
1105	1	29298.2
1106	1	-92677.6
1107	1	38217.9
1108	1	18568.6
1109	1	91808.1
1110	1	-25718.6
1111	1	47310
1112	1	-69168.6
1113	1	68645.2
1114	1	-41750.3
1115	1	35835.1
1116	1	95480
1117	1	31834.2
1118	1	-51389
1119	1	95392.4
1120	1	51754.2
1121	1	-27773.1
1122	1	-17252.3
1123	1	-37728.8
1124	1	-60286.4
1125	1	74043
1126	1	-84450.6
1127	1	34848.8
1128	1	-43313.4
1129	1	-75078
1130	1	44144.1
1131	1	-74456
1132	1	53744.6
1133	1	-97012.7
1134	1	86351.4
1135	1	71725.8
1136	1	27553.6
1137	1	50575.5
1138	1	-25518.1
1139	1	-86949.1
1140	1	-68072.4
1141	1	-8746.02
1142	1	46635.5
1143	1	-78803.7
1144	1	-18775.5
1145	1	37317.3
1146	1	26434.3
1147	1	-66584.6
1148	1	14631.5
1149	1	-37155.4
1150	1	-25894
1151	1	-74381.7
1152	1	-39228.3
1153	1	87491.9
1154	1	-38761.8
1155	1	-75999.9
1156	1	-65732.8
1157	1	-88442.8
1158	1	39828
1159	1	70098.8
1160	1	-49763.1
1161	1	33364.7
1162	1	24302.6
1163	1	-21120.3
1164	1	85796.9
1165	1	-48420.1
1166	1	24168.6
1167	1	-72632.3
1168	1	22913.8
1169	1	-2749.32
1170	1	-20609.7
1171	1	19618.5
1172	1	36029.2
1173	1	-63626.9
1174	1	-58803
1175	1	-98859.2
1176	1	32562.1
1177	1	-58035.9
1178	1	38192
1179	1	-20881.3
1180	1	46790.1
1181	1	-47873.6
1182	1	35545.5
1183	1	2271.33
1184	1	20257.2
1185	1	-35192.3
1186	1	72844.6
1187	1	2116.89
1188	1	-37589.2
1189	1	38096.5
1190	1	-46619
1191	1	-29780.6
1192	1	-93657.9
1193	1	-60587.6
1194	1	-67130.5
1195	1	86756.3
1196	1	99603.9
1197	1	-81729.7
1198	1	79439.2
1199	1	-20013.2
1200	1	-14396.5
1201	1	87424.7
1202	1	-92890.8
1203	1	11202.1
1204	1	-35413.3
1205	1	55150.7
1206	1	58497.2
1207	1	46237.5
1208	1	56907.3
1209	1	-54679.9
1210	1	-34809.3
1211	1	-9723.29
1212	1	9448.67
1213	1	-2289.79
1214	1	27876.2
1215	1	84196.2
1216	1	3232.23
1217	1	2466.39
1218	1	28214.3
1219	1	95681.5
1220	1	-53397.2
1221	1	53807.3
1222	1	-13011.4
1223	1	80837.8
1224	1	16536.9
1225	1	50217.8
1226	1	19522.6
1227	1	93922.5
1228	1	9546.98
1229	1	52708.7
1230	1	-89078
1231	1	86064.1
1232	1	-99627.9
1233	1	59374.5
1234	1	78535.6
1235	1	97246.6
1236	1	64308.5
1237	1	-42488.9
1238	1	77006.8
1239	1	4023.81
1240	1	20573.9
1241	1	-21954.3
1242	1	6816
1243	1	50388.2
1244	1	-97138
1245	1	11965.4
1246	1	21912.3
1247	1	39017.1
1248	1	52006.3
1249	1	13545.5
1250	1	84519.6
1251	1	50239.4
1252	1	59842.3
1253	1	31837.8
1254	1	28255.8
1255	1	31117.6
1256	1	53836.7
1257	1	-4402.95
1258	1	80655.7
1259	1	43082.3
1260	1	5828.32
1261	1	-23272.2
1262	1	74555.8
1263	1	13400.3
1264	1	17054.6
1265	1	42910.9
1266	1	36724.4
1267	1	-69658.1
1268	1	5061.96
1269	1	-4988.81
1270	1	39939
1271	1	28994.8
1272	1	77211.7
1273	1	12088.7
1274	1	48206.5
1275	1	-52925.7
1276	1	59096.6
1277	1	-46209.7
1278	1	81970.9
1279	1	-32970.4
1280	1	-27218.5
1281	1	-16236.9
1282	1	-91819.3
1283	1	-6748.86
1284	1	44221.9
1285	1	4824.62
1286	1	69128.3
1287	1	-476.431
1288	1	-94770.7
1289	1	-26009.7
1290	1	13438
1291	1	72572.1
1292	1	82828.6
1293	1	-69836.3
1294	1	-31550.6
1295	1	-71581.2
1296	1	76397.1
1297	1	91619
1298	1	-50918.2
1299	1	71625.4
1300	1	34289.7
1301	1	23029.6
1302	1	-21855.8
1303	1	72042.1
1304	1	23649.1
1305	1	-6269.76
1306	1	-83900.3
1307	1	44954.1
1308	1	-23112.7
1309	1	80755.7
1310	1	-59354.8
1311	1	-2636.41
1312	1	70761.7
1313	1	88707.6
1314	1	83034.4
1315	1	92630
1316	1	20211.2
1317	1	-61141.3
1318	1	26706.6
1319	1	72822.9
1320	1	-8722.53
1321	1	13348.6
1322	1	80125
1323	1	-77252.4
1324	1	-34061.1
1325	1	-87923.9
1326	1	21661.4
1327	1	-94571.9
1328	1	-46822.5
1329	1	21937.9
1330	1	-23053.3
1331	1	-13649.1
1332	1	84588
1333	1	61792.6
1334	1	-53315
1335	1	-5117.22
1336	1	95227.8
1337	1	72331.2
1338	1	-42046.4
1339	1	24430.6
1340	1	-78800.8
1341	1	57175.9
1342	1	20185.2
1343	1	-85180
1344	1	-96116.4
1345	1	-45207.2
1346	1	-42176
1347	1	452.579
1348	1	10699
1349	1	15483.9
1350	1	36250.1
1351	1	-17077.9
1352	1	-6814.36
1353	1	-61021.2
1354	1	-50223.8
1355	1	68541.9
1356	1	-57734.5
1357	1	-34981.4
1358	1	28650.4
1359	1	-94150.3
1360	1	-10020.9
1361	1	-71136.5
1362	1	-13454.5
1363	1	-58038.2
1364	1	82219.4
1365	1	19883.9
1366	1	27411.4
1367	1	80139.6
1368	1	-37245.1
1369	1	92743.8
1370	1	-6011.93
1371	1	14955.5
1372	1	17484.5
1373	1	62301.9
1374	1	-80592.4
1375	1	81158.8
1376	1	54463
1377	1	52696.4
1378	1	48616.8
1379	1	-2015.99
1380	1	78302.3
1381	1	-77468.4
1382	1	60256.4
1383	1	-10361.7
1384	1	17351.5
1385	1	61108.4
1386	1	-95390.2
1387	1	-56567.7
1388	1	-37997.5
1389	1	64658.1
1390	1	-41723.1
1391	1	4780.41
1392	1	-76317.8
1393	1	74349.6
1394	1	-71961.6
1395	1	89666.8
1396	1	31762.3
1397	1	96300.3
1398	1	26915.8
1399	1	10122.7
1400	1	41019.1
1401	1	-62490.5
1402	1	12205.8
1403	1	-96734.2
1404	1	-57295.4
1405	1	-1307.5
1406	1	65686.2
1407	1	90516.9
1408	1	15336.9
1409	1	1689.97
1410	1	18065.5
1411	1	-14591.9
1412	1	-76330.8
1413	1	-69174
1414	1	-45724.5
1415	1	-97946.1
1416	1	2514.85
1417	1	-70996.6
1418	1	76097.4
1419	1	58087.7
1420	1	-30048.1
1421	1	26841.6
1422	1	-88796.3
1423	1	94879
1424	1	-82474.9
1425	1	33161.7
1426	1	40211.9
1427	1	27209.6
1428	1	-475.753
1429	1	56792.8
1430	1	27090.1
1431	1	-91176.3
1432	1	63972
1433	1	5625.51
1434	1	-40678.3
1435	1	-47039.8
1436	1	-61857.8
1437	1	-67247
1438	1	-7047.57
1439	1	-92001
1440	1	27214.9
1441	1	16729
1442	1	-21981.1
1443	1	-89113.2
1444	1	-35460.5
1445	1	52429.1
1446	1	-29658.7
1447	1	73441.7
1448	1	4594.91
1449	1	-96995.5
1450	1	36742.4
1451	1	-21982.1
1452	1	-35556.7
1453	1	33978.1
1454	1	-52134.2
1455	1	-64244.7
1456	1	60054.7
1457	1	-77030.6
1458	1	-40018.7
1459	1	-86611.8
1460	1	-41089.9
1461	1	-33175.7
1462	1	76488.7
1463	1	38921.6
1464	1	-25334.2
1465	1	-11475.4
1466	1	-12789.1
1467	1	-33453.9
1468	1	-38635.8
1469	1	-24120.1
1470	1	92283.5
1471	1	54943
1472	1	16514.8
1473	1	16690.5
1474	1	55416
1475	1	26803.5
1476	1	-92649.3
1477	1	-30833.2
1478	1	65681.4
1479	1	-27902.4
1480	1	27279.1
1481	1	58746.9
1482	1	45888.2
1483	1	77502.6
1484	1	83924.5
1485	1	75318
1486	1	-54890.2
1487	1	61336.7
1488	1	-67554.4
1489	1	-4980.06
1490	1	4104.22
1491	1	7049.56
1492	1	-27445.6
1493	1	-36783.8
1494	1	43904.9
1495	1	81659.6
1496	1	-75740.9
1497	1	-43247.9
1498	1	46181.7
1499	1	35083.1
1500	1	98028.9
1501	1	41815.6
1502	1	-18396
1503	1	26006.7
1504	1	97909.6
1505	1	-51419.5
1506	1	-26997.4
1507	1	-38561.2
1508	1	99506.7
1509	1	-82015.8
1510	1	-96430.3
1511	1	-62324.9
1512	1	-92594.4
1513	1	72182.8
1514	1	11233.2
1515	1	-90169.4
1516	1	78934.1
1517	1	91862.9
1518	1	-79278.7
1519	1	67077.4
1520	1	-56082.5
1521	1	64948.4
1522	1	-25361.7
1523	1	82141.3
1524	1	-97734.9
1525	1	86859
1526	1	21884
1527	1	67092.3
1528	1	32644.5
1529	1	-46768.5
1530	1	91518.3
1531	1	8580.56
1532	1	-63736.1
1533	1	60880.7
1534	1	70665.1
1535	1	36650
1536	1	84725.8
1537	1	51634
1538	1	-4905.6
1539	1	49429.8
1540	1	-75638
1541	1	76943.3
1542	1	50344.9
1543	1	21900.6
1544	1	-33471
1545	1	7981.69
1546	1	-79377.1
1547	1	-79722.9
1548	1	19803.3
1549	1	93430.4
1550	1	-15195.7
1551	1	81018.4
1552	1	-14676.9
1553	1	-6637.87
1554	1	-99626.2
1555	1	-81387.4
1556	1	-52599.4
1557	1	31268.2
1558	1	-72602.7
1559	1	-46271.7
1560	1	-84873.3
1561	1	29323.4
1562	1	-32673.2
1563	1	54101.4
1564	1	-59962.2
1565	1	14585.6
1566	1	24835.5
1567	1	66411.9
1568	1	80712.3
1569	1	-66941
1570	1	77058
1571	1	-83597.1
1572	1	49920.4
1573	1	56311
1574	1	95879.1
1575	1	-51915.6
1576	1	54245.6
1577	1	-5447.93
1578	1	-70453.5
1579	1	35360
1580	1	93686.8
1581	1	56072.9
1582	1	-51146.9
1583	1	35461.5
1584	1	3969.69
1585	1	61189.9
1586	1	-52295.3
1587	1	79320.7
1588	1	-43157.5
1589	1	33830.4
1590	1	95581.3
1591	1	-93345.9
1592	1	-27821.6
1593	1	-98160.9
1594	1	-85552.2
1595	1	-17119
1596	1	-14371.1
1597	1	7107.24
1598	1	-93852.7
1599	1	-62532.6
1600	1	82430.4
1601	1	9963.92
1602	1	31578.4
1603	1	79294
1604	1	39875.5
1605	1	7408.06
1606	1	-30741
1607	1	-68775.8
1608	1	-64561.2
1609	1	31263.9
1610	1	70747.7
1611	1	-32847.3
1612	1	36276.2
1613	1	70431.9
1614	1	33697.7
1615	1	-83823.2
1616	1	4557.85
1617	1	42986.9
1618	1	31709
1619	1	-80316.6
1620	1	77812.7
1621	1	-9380.29
1622	1	30333.5
1623	1	-80784.3
1624	1	52640
1625	1	-87076.5
1626	1	78295.4
1627	1	54518.1
1628	1	18089.5
1629	1	65038
1630	1	-48239.5
1631	1	23687.7
1632	1	33300.8
1633	1	-88420.9
1634	1	4397.15
1635	1	30705.9
1636	1	40885
1637	1	-95153
1638	1	64096.4
1639	1	17299.4
1640	1	-63870.5
1641	1	53983.7
1642	1	-66539.2
1643	1	-88684.2
1644	1	57657.4
1645	1	19445.4
1646	1	-17070.9
1647	1	-83515.9
1648	1	91043.3
1649	1	-54592.3
1650	1	7613.99
1651	1	-44936.2
1652	1	30029.3
1653	1	-7095.73
1654	1	-71307.2
1655	1	80154.3
1656	1	52413.1
1657	1	-13941.8
1658	1	-83228.9
1659	1	96102.2
1660	1	-9018.38
1661	1	12501.4
1662	1	74554.9
1663	1	82411.3
1664	1	29201.4
1665	1	-12847.1
1666	1	69914.8
1667	1	-75955.1
1668	1	7783.6
1669	1	9728.51
1670	1	-68031
1671	1	-18944.3
1672	1	-50402.5
1673	1	-93719.8
1674	1	-24854.2
1675	1	-29317
1676	1	92130.2
1677	1	31091.9
1678	1	-48433
1679	1	95193.4
1680	1	35638.5
1681	1	1598.79
1682	1	-35161.1
1683	1	2155.94
1684	1	97537.6
1685	1	2863.34
1686	1	58009.5
1687	1	-57615.9
1688	1	93173.1
1689	1	-87507.6
1690	1	-85790.2
1691	1	-66582.8
1692	1	-36498.1
1693	1	72730
1694	1	-22161.5
1695	1	44120
1696	1	-7215.49
1697	1	11964.9
1698	1	-64033
1699	1	73336.8
1700	1	-74330
1701	1	25014.8
1702	1	-94535
1703	1	81981.1
1704	1	79526.6
1705	1	94714.3
1706	1	32980.1
1707	1	-41703.6
1708	1	44953.7
1709	1	-1274.34
1710	1	-61176.9
1711	1	-22147.1
1712	1	5628.72
1713	1	-76045
1714	1	10465.2
1715	1	53463.3
1716	1	17667.6
1717	1	-3580.06
1718	1	13744.4
1719	1	12269.2
1720	1	29591.7
1721	1	85574.8
1722	1	65302.3
1723	1	35373.7
1724	1	29522.8
1725	1	14057.6
1726	1	-35089.1
1727	1	10270.9
1728	1	-45434.3
1729	1	-14778.3
1730	1	-2613.89
1731	1	-24288
1732	1	-97715.8
1733	1	-78029
1734	1	70800.2
1735	1	-49241.5
1736	1	-46551
1737	1	18423.2
1738	1	-30500.9
1739	1	97661.5
1740	1	60713.5
1741	1	-81693.8
1742	1	31756.4
1743	1	-80404.1
1744	1	20517.7
1745	1	99893.7
1746	1	65686.5
1747	1	-78086.7
1748	1	-8578.45
1749	1	-96015.8
1750	1	74468.1
1751	1	-98682.4
1752	1	93136
1753	1	-18298.2
1754	1	-52504.9
1755	1	25777.5
1756	1	88995.8
1757	1	-53479.3
1758	1	16051
1759	1	13123.5
1760	1	-82747.4
1761	1	-5610.96
1762	1	93984.2
1763	1	-27600.2
1764	1	14275.6
1765	1	-90710.3
1766	1	77702.7
1767	1	-53925.3
1768	1	17032
1769	1	-9158.53
1770	1	-52855.8
1771	1	-84354.8
1772	1	-17431.5
1773	1	1228.37
1774	1	30148
1775	1	24188.2
1776	1	-66042.9
1777	1	71109.3
1778	1	-29169.2
1779	1	-7150.12
1780	1	6435.02
1781	1	-31168.5
1782	1	9483.82
1783	1	81973.2
1784	1	-5697.82
1785	1	-56665.7
1786	1	72972.5
1787	1	31790.9
1788	1	90266.5
1789	1	-63402.2
1790	1	75797.9
1791	1	65021.6
1792	1	18134.1
1793	1	-40472.5
1794	1	-2094.56
1795	1	17372.1
1796	1	-3301.75
1797	1	26741.5
1798	1	-12683.2
1799	1	87195.9
1800	1	-70337.2
1801	1	8716.12
1802	1	-78156.5
1803	1	-92576.6
1804	1	94867.3
1805	1	-16619.2
1806	1	-81953.1
1807	1	76025.8
1808	1	16231.9
1809	1	-21899.1
1810	1	55560.9
1811	1	51548.2
1812	1	-952.167
1813	1	33620.4
1814	1	78155.9
1815	1	24738.2
1816	1	-55780.8
1817	1	-62550.8
1818	1	1999.98
1819	1	-99385.8
1820	1	31547.9
1821	1	13426.7
1822	1	-9805.61
1823	1	2323.67
1824	1	-26051.9
1825	1	52120
1826	1	-87917.9
1827	1	-29364.6
1828	1	-26547
1829	1	3081
1830	1	84051.1
1831	1	-29811.4
1832	1	-27402.3
1833	1	19089.8
1834	1	72931.1
1835	1	-98589.3
1836	1	-33260.7
1837	1	31816.1
1838	1	69502.9
1839	1	-81380.1
1840	1	942.099
1841	1	94502
1842	1	-79906.5
1843	1	77465.4
1844	1	-26288.9
1845	1	-78399.7
1846	1	-53978.7
1847	1	-9224.94
1848	1	35879.5
1849	1	-19729.3
1850	1	-5257.23
1851	1	79121.9
1852	1	58265.4
1853	1	34594.9
1854	1	-22697.7
1855	1	-86970.8
1856	1	2788.81
1857	1	-62255.7
1858	1	75385.4
1859	1	49274.7
1860	1	-4914.26
1861	1	45640.5
1862	1	66129.9
1863	1	19665.4
1864	1	-65963.3
1865	1	-42397.4
1866	1	-30473.9
1867	1	-35704.9
1868	1	95240.2
1869	1	32977.3
1870	1	71203
1871	1	99538
1872	1	-50943.2
1873	1	40732.6
1874	1	-25259
1875	1	23023.1
1876	1	28296.1
1877	1	75082.4
1878	1	24017.5
1879	1	50030.7
1880	1	-19475.9
1881	1	-91943.6
1882	1	-55209.2
1883	1	-82648.9
1884	1	71552.5
1885	1	64136
1886	1	13181.2
1887	1	2991.67
1888	1	69151.3
1889	1	-26500.4
1890	1	-71198.7
1891	1	2845.29
1892	1	-17707.7
1893	1	-39915.3
1894	1	-17482.7
1895	1	-62343
1896	1	19892.5
1897	1	-95598.4
1898	1	-65699.9
1899	1	-98396.8
1900	1	-37961.9
1901	1	46136.7
1902	1	-3161.73
1903	1	-49078.7
1904	1	49226
1905	1	-37793.3
1906	1	-12213.3
1907	1	65018.4
1908	1	31736.4
1909	1	23775.9
1910	1	-19059.5
1911	1	56691.6
1912	1	58940.9
1913	1	-82338.4
1914	1	17018.7
1915	1	69736.1
1916	1	59001.9
1917	1	38357.7
1918	1	63219.9
1919	1	6211.7
1920	1	83919.1
1921	1	14932.7
1922	1	-51706.3
1923	1	-10569
1924	1	61699.2
1925	1	9543.39
1926	1	-37081.3
1927	1	-78566
1928	1	-87404.4
1929	1	-24026.9
1930	1	86409.2
1931	1	86426.5
1932	1	-44261.4
1933	1	-3479.69
1934	1	-64147.1
1935	1	98956.6
1936	1	57531
1937	1	5101.67
1938	1	6849.66
1939	1	-27199.3
1940	1	-68277.3
1941	1	51390.1
1942	1	91343.4
1943	1	-50021.5
1944	1	-74327.7
1945	1	-4022.91
1946	1	-41917.9
1947	1	-50814.4
1948	1	-87864.5
1949	1	-22193.8
1950	1	-79463.9
1951	1	-79620
1952	1	15773.7
1953	1	-64182.8
1954	1	5882.83
1955	1	-68829.1
1956	1	-16119.8
1957	1	97710.4
1958	1	32729.3
1959	1	-80135.8
1960	1	-98111.9
1961	1	-33667
1962	1	40616.3
1963	1	-61779.8
1964	1	-49514.6
1965	1	-22058.9
1966	1	-35190.6
1967	1	47923.1
1968	1	48684.6
1969	1	25256.3
1970	1	-94411.5
1971	1	1551.37
1972	1	54511.2
1973	1	-32959.8
1974	1	-90281.3
1975	1	-51614.7
1976	1	-5966.3
1977	1	-41359
1978	1	25411.4
1979	1	18596.6
1980	1	94396.9
1981	1	28250.3
1982	1	84180.8
1983	1	89042.3
1984	1	-52285.2
1985	1	-76048.1
1986	1	-12214.8
1987	1	-72948.8
1988	1	97522.4
1989	1	-88401.5
1990	1	96738
1991	1	-96672.6
1992	1	50048.3
1993	1	-25392.2
1994	1	-27977.9
1995	1	34736.3
1996	1	-99201.9
1997	1	-51218.3
1998	1	-50087.6
1999	1	12841
2000	1	-6232.53
2001	1	-92110.4
2002	1	97588.1
2003	1	72855.7
2004	1	55527.1
2005	1	48752.9
2006	1	62529.7
2007	1	26391.5
2008	1	-50107.4
2009	1	43707.8
2010	1	78144.1
2011	1	-17313.7
2012	1	40311.8
2013	1	-91108.3
2014	1	73533.1
2015	1	79021.6
2016	1	27775.1
2017	1	-61631.1
2018	1	-76406.5
2019	1	14080.7
2020	1	-75057.6
2021	1	67042.8
2022	1	-96006.2
2023	1	48312.7
2024	1	89456.2
2025	1	-63535.5
2026	1	95854.9
2027	1	-10896.6
2028	1	67097.8
2029	1	39562
2030	1	-54428.8
2031	1	75164.4
2032	1	-13522.4
2033	1	-65722.6
2034	1	-95942.8
2035	1	24310.7
2036	1	-61890.3
2037	1	54172.3
2038	1	-80070.2
2039	1	3273.16
2040	1	-8788.34
2041	1	-20037
2042	1	63935.4
2043	1	-10018.9
2044	1	79787.9
2045	1	27947.7
2046	1	20628.7
2047	1	31757.3
2048	1	-14629.5
2049	1	50533.4
2050	1	-22551.4
2051	1	-209.77
2052	1	-60972.8
2053	1	-7470.26
2054	1	64518.7
2055	1	11915.1
2056	1	12210.5
2057	1	-3326.65
2058	1	-923.47
2059	1	-46833.2
2060	1	-22921.6
2061	1	-59287.8
2062	1	-89661.1
2063	1	3195.65
2064	1	-94986.9
2065	1	40106.7
2066	1	-78956.8
2067	1	-64247.5
2068	1	90465.8
2069	1	-69009.1
2070	1	70660.1
2071	1	-27255.2
2072	1	-86.0356
2073	1	-58287.4
2074	1	42801.7
2075	1	47283.8
2076	1	-3558.29
2077	1	50608.5
2078	1	41185.9
2079	1	-55301.8
2080	1	94067.5
2081	1	40895.3
2082	1	60321.6
2083	1	73762.7
2084	1	10663.3
2085	1	-31332.4
2086	1	68614.8
2087	1	-8.04243
2088	1	31638.3
2089	1	33811.6
2090	1	38641
2091	1	-12358.2
2092	1	38657.6
2093	1	-28882.9
2094	1	99578.1
2095	1	-57264.4
2096	1	-63508.1
2097	1	66951.4
2098	1	16511.3
2099	1	6357.2
2100	1	-25046
2101	1	-17370.8
2102	1	-26975.9
2103	1	20308.6
2104	1	91268.2
2105	1	26518.7
2106	1	29755.1
2107	1	-82693.4
2108	1	-83345.2
2109	1	6766.38
2110	1	-25550.4
2111	1	7657.9
2112	1	67312.9
2113	1	-31142.7
2114	1	85295.7
2115	1	-5754.78
2116	1	11006.2
2117	1	-38409.3
2118	1	-51145.2
2119	1	61317.6
2120	1	-90424.1
2121	1	10301.4
2122	1	90760.3
2123	1	59710.2
2124	1	91856.3
2125	1	3954.38
2126	1	19576
2127	1	-57186.2
2128	1	-50827.7
2129	1	95967.1
2130	1	5890.41
2131	1	-41525.4
2132	1	-58354.7
2133	1	83598.8
2134	1	31812.3
2135	1	-29429.8
2136	1	-93977.3
2137	1	61926.4
2138	1	20990
2139	1	84982
2140	1	24013.5
2141	1	39164.2
2142	1	16777.4
2143	1	-70884.5
2144	1	11560.8
2145	1	12525.4
2146	1	-27566.3
2147	1	52826
2148	1	-89760.2
2149	1	25618.5
2150	1	4938.9
2151	1	1464.45
2152	1	-53537.1
2153	1	-34018
2154	1	-2032.41
2155	1	-54897.6
2156	1	2401.92
2157	1	-4400.84
2158	1	63034.8
2159	1	-57321
2160	1	549.099
2161	1	59926.1
2162	1	41544.2
2163	1	41072.6
2164	1	-52919.6
2165	1	20554.7
2166	1	-85788.1
2167	1	22608.9
2168	1	-11785.9
2169	1	-29505.4
2170	1	5309.4
2171	1	94469.7
2172	1	85069.6
2173	1	-21587.3
2174	1	11339
2175	1	-30002.4
2176	1	-60442.8
2177	1	-40610.8
2178	1	-35421.9
2179	1	18803.3
2180	1	43740.2
2181	1	-37047.4
2182	1	84956.5
2183	1	-1190.82
2184	1	72464.7
2185	1	91369.1
2186	1	-21502.4
2187	1	55228.5
2188	1	-45069.9
2189	1	-65329.6
2190	1	-3439.8
2191	1	58286.6
2192	1	10674.4
2193	1	-31926.9
2194	1	39858.9
2195	1	57152.8
2196	1	-99927.1
2197	1	54381.4
2198	1	62796.6
2199	1	91610.8
2200	1	-55271.9
2201	1	-97214.7
2202	1	-86383
2203	1	86636.6
2204	1	-44929.3
2205	1	-38756.7
2206	1	96592.8
2207	1	-70015.7
2208	1	-60057.9
2209	1	22839.6
2210	1	69104.1
2211	1	-23808.5
2212	1	34657.9
2213	1	-53743.8
2214	1	-96774.5
2215	1	42621.7
2216	1	-97461
2217	1	-30881.2
2218	1	-16374
2219	1	54589.6
2220	1	-61186.8
2221	1	-76511.2
2222	1	76150.6
2223	1	-60457.4
2224	1	-2965.28
2225	1	-11295.3
2226	1	-91463.4
2227	1	62808.2
2228	1	-77290.6
2229	1	50774.8
2230	1	83680.8
2231	1	89868.9
2232	1	17800.9
2233	1	63916
2234	1	-67803
2235	1	87237.1
2236	1	-97395.3
2237	1	9385.6
2238	1	-74291.3
2239	1	86741.3
2240	1	88210.3
2241	1	-90776.5
2242	1	-97145.4
2243	1	-45458.2
2244	1	-74587
2245	1	94839.1
2246	1	97927.3
2247	1	-5839.01
2248	1	82820.3
2249	1	-42002.4
2250	1	87714.8
2251	1	-68681
2252	1	-62236.4
2253	1	43559.7
2254	1	26207.9
2255	1	-9017.38
2256	1	-39963.9
2257	1	-84255.6
2258	1	48418.1
2259	1	-91683.1
2260	1	-97309.6
2261	1	-65981.5
2262	1	-43925.7
2263	1	-54100.8
2264	1	-36757.5
2265	1	37898.8
2266	1	51453.2
2267	1	79209.4
2268	1	-72404.4
2269	1	42022
2270	1	-59764.9
2271	1	40322
2272	1	-97174.2
2273	1	64347.4
2274	1	-23637.5
2275	1	6889.29
2276	1	-71879
2277	1	94741.8
2278	1	-3904.24
2279	1	-37585.1
2280	1	47439.6
2281	1	-2785.34
2282	1	-68076.6
2283	1	-92607
2284	1	78534.8
2285	1	55399.5
2286	1	35092.3
2287	1	-82859.9
2288	1	-67383.4
2289	1	-92031.3
2290	1	14726.9
2291	1	-61296.9
2292	1	49555.5
2293	1	-88512.2
2294	1	-75523.7
2295	1	80073.8
2296	1	-37812.3
2297	1	45837.9
2298	1	-34466.5
2299	1	-91806
2300	1	47096.4
2301	1	45364.3
2302	1	38891
2303	1	74548.5
2304	1	-91317.5
2305	1	-94662.5
2306	1	-12744.1
2307	1	70103.9
2308	1	-28967.5
2309	1	-53426.9
2310	1	-96256.6
2311	1	-47229.1
2312	1	-17902.5
2313	1	-87873
2314	1	-5063.44
2315	1	97721.7
2316	1	5927.1
2317	1	71278.2
2318	1	66465
2319	1	-408.986
2320	1	-69649.3
2321	1	59576.8
2322	1	-90883.8
2323	1	-17662.4
2324	1	-28715.1
2325	1	30112.6
2326	1	3920.22
2327	1	-2048.67
2328	1	-25490
2329	1	-31860.7
2330	1	51892.6
2331	1	-99502.8
2332	1	-94038.5
2333	1	38680.3
2334	1	55720.1
2335	1	39814.4
2336	1	-15401
2337	1	-1027.06
2338	1	53785
2339	1	-39357.1
2340	1	96082.8
2341	1	47991.9
2342	1	-6388.11
2343	1	-95922.9
2344	1	-86917
2345	1	-87059.7
2346	1	48275
2347	1	-27857.5
2348	1	86722.7
2349	1	22634.5
2350	1	-24425.7
2351	1	80544.8
2352	1	74943.4
2353	1	63992.1
2354	1	97306.7
2355	1	99485
2356	1	27758.5
2357	1	-58752.5
2358	1	-2476.7
2359	1	45460.2
2360	1	37557.9
2361	1	-1700.98
2362	1	21211.2
2363	1	-46723.3
2364	1	33835.3
2365	1	-2721.67
2366	1	-70024.5
2367	1	70581.4
2368	1	20738.7
2369	1	99429.8
2370	1	74367.2
2371	1	-66235.8
2372	1	56703.5
2373	1	-56604.1
2374	1	-48670
2375	1	-45920.3
2376	1	8417.65
2377	1	87893.8
2378	1	70872.9
2379	1	55441.2
2380	1	-74276.2
2381	1	48874.5
2382	1	-7394.98
2383	1	99839.5
2384	1	98926.8
2385	1	-48442.6
2386	1	-53742.2
2387	1	21232.1
2388	1	51958.6
2389	1	65800.5
2390	1	-58162.3
2391	1	11848.9
2392	1	-74406
2393	1	-14965.4
2394	1	-26973.3
2395	1	-5752.25
2396	1	-41211.6
2397	1	48157.6
2398	1	-53104
2399	1	-64782.9
2400	1	17338.3
2401	1	93719.4
2402	1	-93231.2
2403	1	-55868.1
2404	1	48936.1
2405	1	81174.7
2406	1	-68410.4
2407	1	65752.2
2408	1	35427.3
2409	1	-80782.4
2410	1	-65781.9
2411	1	24994.3
2412	1	-2780.91
2413	1	3519.81
2414	1	97206.5
2415	1	74306
2416	1	20837.1
2417	1	75261.1
2418	1	-88394.5
2419	1	6884.95
2420	1	-39936.7
2421	1	85560.3
2422	1	-47707.7
2423	1	-63578
2424	1	56491.7
2425	1	65562.2
2426	1	18005.2
2427	1	-27945.1
2428	1	-10541.9
2429	1	-498.801
2430	1	25895.7
2431	1	-1237.13
2432	1	-39890.3
2433	1	3185.36
2434	1	-67332.4
2435	1	56848.5
2436	1	-40526.5
2437	1	-65873.9
2438	1	-53931.6
2439	1	88635
2440	1	77116.5
2441	1	46285
2442	1	85011.3
2443	1	-41078.3
2444	1	22737.9
2445	1	-46053.9
2446	1	31562.5
2447	1	26087.6
2448	1	39557.7
2449	1	-67654.5
2450	1	17263
2451	1	-94316.7
2452	1	51606.6
2453	1	86873.5
2454	1	89198.3
2455	1	77456.8
2456	1	-62660.3
2457	1	-32192.4
2458	1	-14281.3
2459	1	-35520.3
2460	1	-9487.25
2461	1	24885.6
2462	1	58014.7
2463	1	-11055.9
2464	1	-5960.76
2465	1	44586.7
2466	1	-93468
2467	1	-9570.2
2468	1	-77120.7
2469	1	99637.7
2470	1	39761.9
2471	1	-42564
2472	1	2260.12
2473	1	-5752.1
2474	1	-99118.4
2475	1	18614.6
2476	1	26157.7
2477	1	61667.8
2478	1	-33975.7
2479	1	18513.7
2480	1	-76640.3
2481	1	-65774.9
2482	1	-71742.8
2483	1	-53804.8
2484	1	52805.4
2485	1	-92886.4
2486	1	-82467.8
2487	1	-2196.32
2488	1	33893.7
2489	1	-6416.08
2490	1	21612.3
2491	1	-50624.7
2492	1	-77440.9
2493	1	-59205.2
2494	1	2005.48
2495	1	94119.5
2496	1	-49170
2497	1	-30670.7
2498	1	17843.2
2499	1	34922.4
2500	1	55373.1
2501	1	53188.1
2502	1	-36228.7
2503	1	40457
2504	1	-68138.2
2505	1	90139.8
2506	1	-61241.3
2507	1	-78072.8
2508	1	69341.4
2509	1	61018.7
2510	1	38967.9
2511	1	-14759.6
2512	1	-50214.6
2513	1	17814.9
2514	1	-71529.5
2515	1	34480.2
2516	1	12167.3
2517	1	96757.9
2518	1	12848.1
2519	1	68710.7
2520	1	-61285.9
2521	1	27801.8
2522	1	-13744.9
2523	1	-87396.2
2524	1	-57222.3
2525	1	-52983
2526	1	-56162.2
2527	1	-74510.4
2528	1	-78830.3
2529	1	-10870
2530	1	22190.3
2531	1	-29189.2
2532	1	-34480.3
2533	1	96035.2
2534	1	65553.3
2535	1	-37136.4
2536	1	9360.48
2537	1	42807
2538	1	-45094.2
2539	1	-78035.5
2540	1	-12936.2
2541	1	-66769.4
2542	1	43386.9
2543	1	44698.5
2544	1	78136.7
2545	1	-9442.39
2546	1	-99554.2
2547	1	-42660.5
2548	1	64538.2
2549	1	-48651.8
2550	1	46334.3
2551	1	-34232.3
2552	1	28602.9
2553	1	-36763.6
2554	1	-68208.4
2555	1	75998.7
2556	1	14205
2557	1	41665.3
2558	1	-15201.6
2559	1	9531.18
2560	1	55872.2
2561	1	34784.1
2562	1	43631.5
2563	1	28160.4
2564	1	24635.5
2565	1	-74589
2566	1	-86264.3
2567	1	-5467.08
2568	1	93590.4
2569	1	-81258.2
2570	1	-5206.54
2571	1	12765.2
2572	1	-80567.6
2573	1	-48072.9
2574	1	42786.3
2575	1	-86055.5
2576	1	72366
2577	1	25972.7
2578	1	-131.677
2579	1	99967
2580	1	55533.6
2581	1	-23714.2
2582	1	-32584.4
2583	1	-65475.9
2584	1	63391.1
2585	1	-93720.5
2586	1	-47767.4
2587	1	-89055.1
2588	1	45725.5
2589	1	72195.5
2590	1	43493.2
2591	1	298.79
2592	1	-9821.36
2593	1	-5237.49
2594	1	11587.4
2595	1	-77047.6
2596	1	52026.4
2597	1	89364.8
2598	1	88176.4
2599	1	-10074.8
2600	1	-48619.8
2601	1	-6425.32
2602	1	47183.5
2603	1	-64085.1
2604	1	99056.9
2605	1	-86650
2606	1	43406.3
2607	1	-84493.6
2608	1	50953.8
2609	1	38842
2610	1	-70663.8
2611	1	43504.4
2612	1	-10946.5
2613	1	282.221
2614	1	-18160.2
2615	1	-86390.1
2616	1	93129.3
2617	1	44302.7
2618	1	-54130.4
2619	1	80470.5
2620	1	-87750.1
2621	1	-26063.9
2622	1	-70313.9
2623	1	29877.3
2624	1	-43324.8
2625	1	91437.2
2626	1	40732.7
2627	1	-91796.7
2628	1	-92136.9
2629	1	-81222.2
2630	1	-17252.5
2631	1	35036.5
2632	1	-85451
2633	1	-40436.9
2634	1	86852.8
2635	1	11363.9
2636	1	98811.8
2637	1	-62953.3
2638	1	32061.2
2639	1	-58414.7
2640	1	37234.4
2641	1	11645.2
2642	1	-7972.92
2643	1	-83738.8
2644	1	78304.9
2645	1	-47734.5
2646	1	18142.6
2647	1	73312.1
2648	1	-75016.2
2649	1	-27408.8
2650	1	41181.9
2651	1	-82427.9
2652	1	19180.7
2653	1	88752.9
2654	1	24525.8
2655	1	-20810.3
2656	1	-53584.7
2657	1	-47735.2
2658	1	-9326.17
2659	1	1055.33
2660	1	66370.3
2661	1	-9736.43
2662	1	36063.8
2663	1	-27851.8
2664	1	-46772.3
2665	1	-88580.8
2666	1	-74497.5
2667	1	-535.222
2668	1	-10584
2669	1	-5293.92
2670	1	-74219
2671	1	87423.6
2672	1	-23878.3
2673	1	-70294.8
2674	1	-25856.5
2675	1	-94672.5
2676	1	-22531.6
2677	1	-57256.5
2678	1	25018.5
2679	1	-88576.5
2680	1	276.41
2681	1	-63564.1
2682	1	-13674
2683	1	75986.7
2684	1	-90111
2685	1	-21563.7
2686	1	-71860.8
2687	1	-38466.8
2688	1	60489.1
2689	1	87775.8
2690	1	93912.2
2691	1	-11152.3
2692	1	1147.72
2693	1	84934.9
2694	1	-32320.3
2695	1	-75492.2
2696	1	58549.2
2697	1	-63375.8
2698	1	-32201.3
2699	1	10979.8
2700	1	-21911.3
2701	1	-42939.3
2702	1	-51573.5
2703	1	32418.7
2704	1	17800.8
2705	1	74295.1
2706	1	-8044.67
2707	1	23643
2708	1	-96302.6
2709	1	47231.6
2710	1	-7285.76
2711	1	-88608.3
2712	1	90091.9
2713	1	19405.2
2714	1	-57558.6
2715	1	73705.1
2716	1	-64467.4
2717	1	97524
2718	1	51816.7
2719	1	69007
2720	1	10183.4
2721	1	41382
2722	1	-39074.4
2723	1	23756.9
2724	1	-88922
2725	1	18757.7
2726	1	-12376.1
2727	1	-70553.1
2728	1	50303.9
2729	1	-9783.52
2730	1	-44697.4
2731	1	-31473.6
2732	1	96733.2
2733	1	44739.1
2734	1	-34177.4
2735	1	-86461.2
2736	1	-54529.9
2737	1	-48874.7
2738	1	-96804.1
2739	1	-12071.7
2740	1	-37930.8
2741	1	79426.3
2742	1	-5364.22
2743	1	-18565.3
2744	1	92626.2
2745	1	25629.9
2746	1	1518.32
2747	1	-8142.53
2748	1	-59105.3
2749	1	-85075.3
2750	1	-55247.5
2751	1	35856.1
2752	1	-91339.2
2753	1	23632.5
2754	1	48433
2755	1	8038.97
2756	1	-22809.4
2757	1	-97234.6
2758	1	-20263.2
2759	1	-48676.1
2760	1	-47504
2761	1	-11688
2762	1	-3555.08
2763	1	-75430.3
2764	1	-85941.2
2765	1	-33167.3
2766	1	-59306.9
2767	1	23208
2768	1	17943.3
2769	1	87901.9
2770	1	-55181.7
2771	1	60803.5
2772	1	-95546.5
2773	1	-38462.1
2774	1	95118
2775	1	-44215.6
2776	1	-94665.7
2777	1	69219.6
2778	1	-11473
2779	1	-55560.1
2780	1	-54119.3
2781	1	-96664.4
2782	1	82747.1
2783	1	-74589.4
2784	1	25934.2
2785	1	-83581.9
2786	1	-17162.6
2787	1	18253.6
2788	1	18432.5
2789	1	-28296.4
2790	1	-15723.8
2791	1	53531.6
2792	1	-61197.6
2793	1	-42084.8
2794	1	-92606.5
2795	1	72571.9
2796	1	43909.4
2797	1	-85700.5
2798	1	-74439.6
2799	1	28990.3
2800	1	24033.8
2801	1	-28818.2
2802	1	40407.8
2803	1	55976
2804	1	54386.2
2805	1	-42370.9
2806	1	-1149.09
2807	1	91081.2
2808	1	36720.5
2809	1	-21682
2810	1	27948.1
2811	1	-94524.8
2812	1	-88997.4
2813	1	-98804.1
2814	1	-6383.17
2815	1	-74446.1
2816	1	96524.8
2817	1	63278.9
2818	1	-56429
2819	1	60534.3
2820	1	-29749.9
2821	1	-8576.13
2822	1	42998.8
2823	1	36673.7
2824	1	27360.5
2825	1	1947.66
2826	1	71057.5
2827	1	14761.9
2828	1	47846.5
2829	1	68696.9
2830	1	-38854.3
2831	1	-46744
2832	1	-81554.2
2833	1	-56912.3
2834	1	1587.87
2835	1	61379
2836	1	-22811.9
2837	1	63101.4
2838	1	-17760.4
2839	1	-35656.9
2840	1	-75762.9
2841	1	-71753.7
2842	1	-69884.1
2843	1	88319
2844	1	71466
2845	1	-31473.4
2846	1	-46315.6
2847	1	69431.7
2848	1	62207.1
2849	1	68896.6
2850	1	92941.8
2851	1	-43888.1
2852	1	-88484.3
2853	1	-59474.6
2854	1	-92683.8
2855	1	-18925.9
2856	1	86165.6
2857	1	-85531.6
2858	1	8920.43
2859	1	-7051.55
2860	1	-77759.5
2861	1	-48329.5
2862	1	-73313.6
2863	1	4756.44
2864	1	-33708.5
2865	1	53183.6
2866	1	-68063.1
2867	1	43108.3
2868	1	90965.4
2869	1	80231.2
2870	1	-16804.3
2871	1	-5703.14
2872	1	-5896.54
2873	1	-72911.5
2874	1	-96911.9
2875	1	-30037.7
2876	1	21664.8
2877	1	-98421.9
2878	1	-25307
2879	1	-865.735
2880	1	-21420
2881	1	-21656.8
2882	1	44352.9
2883	1	42544.4
2884	1	-36656.6
2885	1	-41389.8
2886	1	9556.67
2887	1	-13740.7
2888	1	23457.8
2889	1	52119.2
2890	1	31768.8
2891	1	-11833.3
2892	1	-23674.6
2893	1	-20703.8
2894	1	-87031.6
2895	1	84490.6
2896	1	55614.1
2897	1	57434.6
2898	1	-71397.7
2899	1	-44461.7
2900	1	-56261.8
2901	1	-57577.1
2902	1	41755.4
2903	1	-64516
2904	1	-72163.7
2905	1	56019.6
2906	1	-18009
2907	1	53647.4
2908	1	86172.7
2909	1	38569.3
2910	1	38199.8
2911	1	16831.2
2912	1	79713.8
2913	1	-77368.9
2914	1	-44691.5
2915	1	87626.4
2916	1	38332
2917	1	-28837.3
2918	1	-86208.4
2919	1	-13147.7
2920	1	94862.8
2921	1	-81430.5
2922	1	-5390.47
2923	1	-19147.5
2924	1	60634.3
2925	1	-61077
2926	1	-21318.8
2927	1	-78605
2928	1	-14017.3
2929	1	33416.1
2930	1	-99774.2
2931	1	-72827.5
2932	1	92959
2933	1	-39999.3
2934	1	15115.1
2935	1	8066.9
2936	1	-79517.4
2937	1	48770.7
2938	1	12869
2939	1	-49938.9
2940	1	4209.63
2941	1	-30737.2
2942	1	-44360
2943	1	60161.1
2944	1	-99022.2
2945	1	-92867.9
2946	1	-39034.6
2947	1	-15612.3
2948	1	17808.5
2949	1	52746.1
2950	1	-42485.3
2951	1	-54061.7
2952	1	45135.4
2953	1	80611.2
2954	1	-71232.8
2955	1	-28533.7
2956	1	-20174.4
2957	1	49583.8
2958	1	74766
2959	1	80352.7
2960	1	-76873.6
2961	1	-47139.9
2962	1	-60748.1
2963	1	37792.9
2964	1	-21644
2965	1	-2094.99
2966	1	82998.4
2967	1	924.973
2968	1	-28067.9
2969	1	51708.7
2970	1	-18271.1
2971	1	-77527.6
2972	1	28072.3
2973	1	-5086.57
2974	1	40478.7
2975	1	-7469.65
2976	1	72169
2977	1	16608.6
2978	1	23430.5
2979	1	24524.7
2980	1	-73171.8
2981	1	-21003.7
2982	1	-99668.5
2983	1	-57850.1
2984	1	41977.7
2985	1	-5616.87
2986	1	11720.9
2987	1	-495.691
2988	1	60883.6
2989	1	-22382.1
2990	1	-74671.7
2991	1	45539.8
2992	1	68125.3
2993	1	-56954.7
2994	1	21228.1
2995	1	-7649.51
2996	1	-65217.1
2997	1	-84544.7
2998	1	17293.3
2999	1	59769.7
3000	1	50494.3
3001	1	-56493.2
3002	1	11319.2
3003	1	69119.4
3004	1	85869.9
3005	1	76663.3
3006	1	56069
3007	1	-5661.68
3008	1	25108.6
3009	1	92138.6
3010	1	-55898.9
3011	1	20748.1
3012	1	30995.1
3013	1	72130.9
3014	1	11524.8
3015	1	-64361.4
3016	1	202.559
3017	1	80793.7
3018	1	66693.8
3019	1	59166.9
3020	1	-65743.9
3021	1	58834.1
3022	1	-62457.5
3023	1	6175.89
3024	1	79645.7
3025	1	87052.6
3026	1	-18402.8
3027	1	-20563.9
3028	1	-6772.91
3029	1	81728.7
3030	1	99012.6
3031	1	-80114.8
3032	1	-1926.22
3033	1	36027.6
3034	1	82147.3
3035	1	49075.2
3036	1	-12407.6
3037	1	-23162.2
3038	1	-61884.6
3039	1	-12533.7
3040	1	-71999
3041	1	82527.3
3042	1	18537.7
3043	1	-71223.7
3044	1	83281.1
3045	1	-37800.3
3046	1	-72116.9
3047	1	84971.7
3048	1	-17294.9
3049	1	14684.4
3050	1	88010.8
3051	1	-9512.55
3052	1	47035.7
3053	1	16205.4
3054	1	-26546.3
3055	1	30511.1
3056	1	-50015.7
3057	1	-85245.6
3058	1	34048.8
3059	1	37886.3
3060	1	13826.2
3061	1	-58399.3
3062	1	70909.5
3063	1	-10390.5
3064	1	-66498.7
3065	1	-40963.1
3066	1	-5748.24
3067	1	-49823.1
3068	1	-1953.39
3069	1	-27600.9
3070	1	-83918.5
3071	1	-54879.8
3072	1	-25297.4
3073	1	-69060.8
3074	1	22418.4
3075	1	-29922.6
3076	1	74282.7
3077	1	-79432.4
3078	1	72634.1
3079	1	10977.1
3080	1	-93220.3
3081	1	24417
3082	1	-65965.8
3083	1	-53713
3084	1	-41127.6
3085	1	9998.58
3086	1	42035.2
3087	1	-91088.6
3088	1	-92181.3
3089	1	-46183.6
3090	1	95377.5
3091	1	-77992.2
3092	1	63391.7
3093	1	50435.8
3094	1	-36285.4
3095	1	78161.4
3096	1	53170.2
3097	1	17019.8
3098	1	11222.6
3099	1	82269.1
3100	1	24074.4
3101	1	-6368.2
3102	1	-56124.8
3103	1	27188
3104	1	-40875.5
3105	1	60063.2
3106	1	-56508.3
3107	1	99422
3108	1	-83946.1
3109	1	-98473.3
3110	1	42484.1
3111	1	-80322.2
3112	1	59081.3
3113	1	7183.71
3114	1	65072.6
3115	1	-6843.98
3116	1	71467.9
3117	1	-48865.9
3118	1	85990.7
3119	1	62793
3120	1	-7841.04
3121	1	-64991.3
3122	1	-95991.2
3123	1	-33287.6
3124	1	-75096.4
3125	1	37672.3
3126	1	-50225.2
3127	1	-49174.4
3128	1	-25973.9
3129	1	-14286.7
3130	1	15779
3131	1	-71639.1
3132	1	-65398.2
3133	1	2908.4
3134	1	22578.4
3135	1	24002.2
3136	1	-73947.4
3137	1	9576.39
3138	1	-859.067
3139	1	-92301.2
3140	1	-14049.8
3141	1	24798.5
3142	1	-2459.9
3143	1	68672.7
3144	1	17375.4
3145	1	-24746.2
3146	1	51421.7
3147	1	77076.1
3148	1	31111.4
3149	1	-39626.3
3150	1	69301.5
3151	1	22138.9
3152	1	10703.7
3153	1	-21326.2
3154	1	91584
3155	1	84871.1
3156	1	-89773.7
3157	1	20391.1
3158	1	16448.2
3159	1	-1154.49
3160	1	-68800.2
3161	1	-94643.1
3162	1	53932.3
3163	1	-13864.4
3164	1	95117.4
3165	1	74080.6
3166	1	6891.47
3167	1	-7562.6
3168	1	60332.2
3169	1	-3957.52
3170	1	-8621.81
3171	1	-80710.9
3172	1	35369.7
3173	1	-94200
3174	1	88081
3175	1	-39244.6
3176	1	21746
3177	1	-61933.6
3178	1	-91154.7
3179	1	-72853.5
3180	1	54685.1
3181	1	-85913.1
3182	1	44333.3
3183	1	-56096.8
3184	1	55273.1
3185	1	21010.5
3186	1	-41410.8
3187	1	98532
3188	1	43519.2
3189	1	-81248.5
3190	1	-5391.03
3191	1	39803.9
3192	1	61689.6
3193	1	-99940.5
3194	1	28446.3
3195	1	-6821.67
3196	1	-30313.9
3197	1	39042.2
3198	1	-92182.7
3199	1	-34453.4
3200	1	30640.4
3201	1	-21222.5
3202	1	-73622.9
3203	1	-11154.9
3204	1	26626
3205	1	52072
3206	1	48007.4
3207	1	20349.8
3208	1	48949.4
3209	1	57697.1
3210	1	-22118.8
3211	1	-53344.1
3212	1	7462.89
3213	1	-54736.3
3214	1	23241.8
3215	1	34269.4
3216	1	9648.03
3217	1	-33673.6
3218	1	-18058.2
3219	1	87660.8
3220	1	-6727.51
3221	1	11884.2
3222	1	94235.2
3223	1	31567.4
3224	1	38182.7
3225	1	-79577.9
3226	1	-5298
3227	1	42832.2
3228	1	39437.3
3229	1	8120.21
3230	1	-64103.5
3231	1	15035.9
3232	1	-31289
3233	1	31123
3234	1	98509
3235	1	26266.1
3236	1	-99767.7
3237	1	17277.9
3238	1	-28792.4
3239	1	-31230.2
3240	1	-60002.1
3241	1	-11786.3
3242	1	99448
3243	1	21677.7
3244	1	-58570.8
3245	1	-96867.3
3246	1	81587.6
3247	1	-69611.1
3248	1	6193.53
3249	1	-88529.7
3250	1	41231.6
3251	1	-40423.8
3252	1	-45939.8
3253	1	-94143.2
3254	1	-26544.2
3255	1	85082.6
3256	1	-56309.5
3257	1	-29684.1
3258	1	41023.5
3259	1	50005.5
3260	1	68546.1
3261	1	-81321.4
3262	1	2896.89
3263	1	-15169
3264	1	93529.1
3265	1	-28319
3266	1	14755.8
3267	1	-36112.6
3268	1	20338.7
3269	1	-97758.9
3270	1	60693.4
3271	1	-52481.9
3272	1	63781.4
3273	1	-11497.9
3274	1	-51132.8
3275	1	-87400.5
3276	1	12337
3277	1	-38905.2
3278	1	-92490.9
3279	1	11829.4
3280	1	24512.6
3281	1	-61804.7
3282	1	36800.6
3283	1	-95503.6
3284	1	50440.4
3285	1	81739.9
3286	1	-57450
3287	1	-90332.4
3288	1	36725.7
3289	1	-99892.5
3290	1	-69416.1
3291	1	-15630.2
3292	1	83707.2
3293	1	-49312.2
3294	1	29103.6
3295	1	-264.379
3296	1	-26994.6
3297	1	-33338.2
3298	1	-55362.2
3299	1	-18520.5
3300	1	-74109.2
3301	1	-29570.1
3302	1	-68908.1
3303	1	18086.2
3304	1	-82175.3
3305	1	-66598.5
3306	1	-80908.6
3307	1	52428.2
3308	1	-82584.6
3309	1	-11820.5
3310	1	55105.5
3311	1	58782.4
3312	1	1898.35
3313	1	97106.5
3314	1	91550.4
3315	1	13726.7
3316	1	2225.7
3317	1	93107.6
3318	1	-91374.6
3319	1	18407.7
3320	1	77628.7
3321	1	-71552.8
3322	1	37810.3
3323	1	-33823.4
3324	1	-57286.1
3325	1	-95453
3326	1	-14473.3
3327	1	-91538.3
3328	1	-21722.7
3329	1	-88477.7
3330	1	56101.6
3331	1	-96313.8
3332	1	-20187.5
3333	1	99750
3334	1	34506.8
3335	1	18746.2
3336	1	872.815
3337	1	63432.9
3338	1	-94779.3
3339	1	-63565.5
3340	1	50091.8
3341	1	23817.1
3342	1	-17747.7
3343	1	-90085
3344	1	58356.4
3345	1	68469.5
3346	1	28473.8
3347	1	-29580.3
3348	1	-42160.3
3349	1	33610.1
3350	1	-7632.09
3351	1	87785.6
3352	1	-17892
3353	1	-98336.2
3354	1	-80890.4
3355	1	-93584.6
3356	1	-91066.6
3357	1	74336.9
3358	1	18557
3359	1	-35411.8
3360	1	-98566.3
3361	1	85843.5
3362	1	-86166.7
3363	1	91655.8
3364	1	70071.9
3365	1	20571.7
3366	1	99140.7
3367	1	-4303.77
3368	1	-769.616
3369	1	71538.9
3370	1	-52829.8
3371	1	42091.5
3372	1	-66090.1
3373	1	-17491.6
3374	1	28179.8
3375	1	-22292.1
3376	1	-69772.3
3377	1	39734.5
3378	1	-21441
3379	1	93969.3
3380	1	4183.69
3381	1	-87297.8
3382	1	15325.7
3383	1	64658.1
3384	1	-87650.7
3385	1	4002.19
3386	1	-69841.8
3387	1	-41132.1
3388	1	8717.49
3389	1	75660.3
3390	1	64647.8
3391	1	-5687.52
3392	1	22461.1
3393	1	92734.3
3394	1	-56765.1
3395	1	-96357.4
3396	1	-67068.2
3397	1	78261.3
3398	1	-7082.45
3399	1	30167.9
3400	1	-78913.3
3401	1	10615.1
3402	1	98019.5
3403	1	-72588.8
3404	1	-79459.4
3405	1	-27892.8
3406	1	-28839.7
3407	1	24789.9
3408	1	7120.72
3409	1	-23387.7
3410	1	-45408.8
3411	1	-67830.5
3412	1	53206.6
3413	1	12335.4
3414	1	-59350.3
3415	1	-43999
3416	1	92066
3417	1	-28756.1
3418	1	-56387.1
3419	1	87750.3
3420	1	-56012
3421	1	8342.2
3422	1	61747.5
3423	1	90347.6
3424	1	-82938.9
3425	1	-11410.8
3426	1	94913.7
3427	1	-4766.87
3428	1	33340.2
3429	1	-59911.1
3430	1	73795.9
3431	1	-43291.3
3432	1	75967.3
3433	1	-25846.5
3434	1	-98475.4
3435	1	25354
3436	1	14670.1
3437	1	11970.7
3438	1	41074
3439	1	-16316
3440	1	-41217.7
3441	1	-74950.5
3442	1	-67775.5
3443	1	-54735.5
3444	1	-22875.1
3445	1	-44403.1
3446	1	-12475.4
3447	1	69738.5
3448	1	-84820.4
3449	1	-72545.7
3450	1	39238.7
3451	1	39770.2
3452	1	-71611.3
3453	1	80689.4
3454	1	45330.9
3455	1	37125.7
3456	1	46930.5
3457	1	-15933.7
3458	1	-29584.9
3459	1	7391.22
3460	1	-75355.9
3461	1	-28787.2
3462	1	72075.5
3463	1	-95777
3464	1	-47732.6
3465	1	69610.9
3466	1	-95987.3
3467	1	-47170.4
3468	1	89384.3
3469	1	64025.1
3470	1	-94098.1
3471	1	50625.8
3472	1	-7885.99
3473	1	85156.4
3474	1	-47244.6
3475	1	-31175.7
3476	1	30126.7
3477	1	-9746
3478	1	-76776.5
3479	1	-16730.1
3480	1	66859.3
3481	1	63173
3482	1	-57976.8
3483	1	-9934.03
3484	1	-21508.8
3485	1	46708.5
3486	1	88088.2
3487	1	-96497.6
3488	1	97140.9
3489	1	95948.4
3490	1	-58894.5
3491	1	-9369.1
3492	1	42896.7
3493	1	82444.8
3494	1	42475.6
3495	1	5874.5
3496	1	60505.4
3497	1	-68605.1
3498	1	33361.9
3499	1	-64484.7
3500	1	32213.4
3501	1	-40519.6
3502	1	-21128
3503	1	61609.4
3504	1	-39324.2
3505	1	-42922.2
3506	1	77764.2
3507	1	-10478
3508	1	-52932.7
3509	1	-26382.9
3510	1	-83127.7
3511	1	-21127
3512	1	68442.3
3513	1	-23911.2
3514	1	34744.5
3515	1	-25488.9
3516	1	4469.32
3517	1	83745.4
3518	1	29946.6
3519	1	21516.5
3520	1	21565
3521	1	-11370.6
3522	1	61359.9
3523	1	-88649.8
3524	1	-62006
3525	1	5977.35
3526	1	-47655.6
3527	1	-84214.9
3528	1	-75377.3
3529	1	30051.1
3530	1	70599
3531	1	-27465.5
3532	1	-60804.5
3533	1	70638.6
3534	1	27303
3535	1	25476
3536	1	-69559.1
3537	1	50613.5
3538	1	78200.2
3539	1	-97606.5
3540	1	26233
3541	1	68306.6
3542	1	-6714.69
3543	1	-80864.1
3544	1	-81182.9
3545	1	-2751.99
3546	1	12592
3547	1	9316.76
3548	1	88069
3549	1	-83503.8
3550	1	-73934.3
3551	1	-74734
3552	1	-7306.6
3553	1	-82796.6
3554	1	-10876
3555	1	28420.2
3556	1	-86026.6
3557	1	-25625.9
3558	1	17064.1
3559	1	95280.5
3560	1	15921.5
3561	1	47566.2
3562	1	-18221.4
3563	1	-38453.3
3564	1	-3993.4
3565	1	-43298.1
3566	1	-99027.6
3567	1	80335.9
3568	1	-57688.7
3569	1	89605.8
3570	1	36166
3571	1	30388.1
3572	1	-83940.1
3573	1	-54382.2
3574	1	18382.4
3575	1	-26378.2
3576	1	-53616
3577	1	-32414.5
3578	1	-53573
3579	1	78804.7
3580	1	-58810.9
3581	1	-4493.39
3582	1	-70154.3
3583	1	-58311.8
3584	1	-11631.4
3585	1	-21984
3586	1	-85065.6
3587	1	89366.9
3588	1	-59431.5
3589	1	84327.1
3590	1	57464.4
3591	1	12386.7
3592	1	-38869.2
3593	1	-76196.3
3594	1	65528.2
3595	1	-20489
3596	1	-53380.7
3597	1	90076.2
3598	1	-12334.5
3599	1	-92042.2
3600	1	-42297
3601	1	-4569.19
3602	1	-5265.39
3603	1	58475.4
3604	1	10903.7
3605	1	-78749
3606	1	19321.1
3607	1	11998
3608	1	-68039.8
3609	1	40205
3610	1	45041.1
3611	1	-39529.7
3612	1	67117.3
3613	1	90379.1
3614	1	54872.6
3615	1	-85962.7
3616	1	-59922.4
3617	1	-90716.6
3618	1	-55916.8
3619	1	-48533.8
3620	1	-19830
3621	1	42963.2
3622	1	81718.1
3623	1	91654.5
3624	1	-11159.3
3625	1	95206
3626	1	15609.5
3627	1	83523.3
3628	1	9685.43
3629	1	3549.09
3630	1	-6301.47
3631	1	24965.5
3632	1	70495.9
3633	1	-9104.38
3634	1	-44504.7
3635	1	16881
3636	1	-21681.3
3637	1	95390.1
3638	1	-29010.5
3639	1	33122.6
3640	1	-56699.3
3641	1	-16452.1
3642	1	-81542.2
3643	1	64579.4
3644	1	15138.6
3645	1	-70693.2
3646	1	36354.1
3647	1	70080
3648	1	-127.43
3649	1	2381.15
3650	1	75585.8
3651	1	24377.2
3652	1	55148.5
3653	1	-59812
3654	1	-93962.8
3655	1	-89857.2
3656	1	-22160
3657	1	16965
3658	1	-63566.3
3659	1	37391.4
3660	1	19108.9
3661	1	-69692.1
3662	1	77378.1
3663	1	37013.3
3664	1	20322.9
3665	1	-95043.5
3666	1	-70926.6
3667	1	29963.5
3668	1	-30226.8
3669	1	-31471.8
3670	1	-91666.6
3671	1	-30219
3672	1	-91649.7
3673	1	-92446.7
3674	1	-59938.6
3675	1	-73829.7
3676	1	45991.2
3677	1	-72597.8
3678	1	-63956.8
3679	1	-20753.7
3680	1	69679.8
3681	1	63575.3
3682	1	43198.8
3683	1	-36888.2
3684	1	-45356.3
3685	1	14600.1
3686	1	-2222.27
3687	1	-38995
3688	1	-23077.2
3689	1	31617.4
3690	1	-1863.71
3691	1	6006.83
3692	1	59373.2
3693	1	-80002.8
3694	1	75321.6
3695	1	-66259.6
3696	1	18400.9
3697	1	3935.37
3698	1	2848.64
3699	1	-38879.4
3700	1	93487.4
3701	1	30872.1
3702	1	18998.8
3703	1	93310.4
3704	1	-99767.8
3705	1	-54641.6
3706	1	61729.2
3707	1	16690.3
3708	1	37780.8
3709	1	88275.3
3710	1	12268.7
3711	1	-88917.4
3712	1	-80077.7
3713	1	-90007.2
3714	1	72305.1
3715	1	57392.5
3716	1	94512.4
3717	1	-10484.2
3718	1	-75065.4
3719	1	-29807.3
3720	1	76253.7
3721	1	23357.2
3722	1	33312.7
3723	1	-14267.6
3724	1	96438.2
3725	1	26251.1
3726	1	-69644.1
3727	1	96546.4
3728	1	-25188.7
3729	1	-70266.6
3730	1	-11060.5
3731	1	-72701.3
3732	1	31378.5
3733	1	-68964.4
3734	1	-97870.6
3735	1	-28626.1
3736	1	-87722.4
3737	1	-35558.3
3738	1	-46964
3739	1	-42728.8
3740	1	-42007.9
3741	1	76440.1
3742	1	44490.8
3743	1	36200.2
3744	1	60869.4
3745	1	68729.6
3746	1	77413.7
3747	1	13329.1
3748	1	63873.7
3749	1	-89481.4
3750	1	74461
3751	1	-26792.6
3752	1	1626.97
3753	1	58104.2
3754	1	87274.9
3755	1	-94319.8
3756	1	-79188.4
3757	1	-79425.3
3758	1	-2543.4
3759	1	-16001.3
3760	1	-4374.74
3761	1	-78425.2
3762	1	72309
3763	1	73687.3
3764	1	91020.9
3765	1	-75812
3766	1	-40523.1
3767	1	-57070.7
3768	1	70914.5
3769	1	86910.1
3770	1	81964.2
3771	1	-30271.8
3772	1	1666.42
3773	1	-72077.2
3774	1	-6936.56
3775	1	-12665.4
3776	1	29790.5
3777	1	41226.6
3778	1	22512
3779	1	-25304.5
3780	1	62836.7
3781	1	-52606.4
3782	1	-92958.4
3783	1	-16748.2
3784	1	-92135.5
3785	1	95819.8
3786	1	-9577.8
3787	1	-54783
3788	1	-56364.2
3789	1	-13729
3790	1	-17385.2
3791	1	-26941.5
3792	1	-29269
3793	1	-99790.3
3794	1	-75479.5
3795	1	-96707.7
3796	1	88630.5
3797	1	-95972
3798	1	5763.3
3799	1	48106
3800	1	5609.89
3801	1	44123.2
3802	1	42554.5
3803	1	63798.5
3804	1	-70863.1
3805	1	41810.1
3806	1	5667.92
3807	1	-27409.8
3808	1	80107.1
3809	1	-12951.9
3810	1	-53161.3
3811	1	-54892.5
3812	1	37429.4
3813	1	76278.6
3814	1	-45537.6
3815	1	-47043.3
3816	1	32791.9
3817	1	30484.3
3818	1	-4175.56
3819	1	-33477.8
3820	1	35269.7
3821	1	-13610.8
3822	1	-97608.4
3823	1	19880.7
3824	1	13246.5
3825	1	-73225.7
3826	1	-40086.7
3827	1	-23635.2
3828	1	-68313.7
3829	1	-82885.5
3830	1	17584.6
3831	1	-86635
3832	1	-21344.5
3833	1	72691.3
3834	1	78964.1
3835	1	-62597.6
3836	1	56889.4
3837	1	-26639.9
3838	1	-4591.37
3839	1	-27735.4
3840	1	3921.09
3841	1	27663.6
3842	1	-98792.4
3843	1	36736.7
3844	1	-44369.4
3845	1	95170.1
3846	1	-74452.3
3847	1	26286.3
3848	1	-84867.3
3849	1	11250.8
3850	1	-9374.58
3851	1	-4029.15
3852	1	-74695.4
3853	1	74861.3
3854	1	6392.81
3855	1	-82061.3
3856	1	86138.7
3857	1	-76716.6
3858	1	-68778.8
3859	1	78847.8
3860	1	-39248.1
3861	1	-84357.3
3862	1	43222.9
3863	1	-805.983
3864	1	88064.8
3865	1	82171.5
3866	1	61037.4
3867	1	30255.3
3868	1	-35992.9
3869	1	-43343.2
3870	1	78311.4
3871	1	21664.2
3872	1	-94800.3
3873	1	94111
3874	1	26119.3
3875	1	42117.5
3876	1	78632.2
3877	1	-74127.1
3878	1	63827.1
3879	1	-91050.1
3880	1	44744.5
3881	1	-66331.1
3882	1	-65922.5
3883	1	-78465.3
3884	1	-54490.7
3885	1	-31053.3
3886	1	-47177.7
3887	1	39547.3
3888	1	94418.1
3889	1	-89174.6
3890	1	99820.2
3891	1	-53376.1
3892	1	22215.4
3893	1	24626.3
3894	1	64980.6
3895	1	-19346.2
3896	1	-44616.3
3897	1	50340.7
3898	1	21772.9
3899	1	53908.7
3900	1	49364.1
3901	1	-3546.62
3902	1	2892.34
3903	1	2264.44
3904	1	51805.7
3905	1	-34814.9
3906	1	-26175
3907	1	-61483.3
3908	1	23148.3
3909	1	-53417.4
3910	1	98912
3911	1	-72120.1
3912	1	99454.1
3913	1	48015.5
3914	1	48958.2
3915	1	-86087.9
3916	1	-25686.2
3917	1	-32635.3
3918	1	40730.7
3919	1	4730.44
3920	1	-56694.1
3921	1	90518.7
3922	1	32258.9
3923	1	-92558.3
3924	1	-75021.1
3925	1	60355.1
3926	1	-3545.9
3927	1	16521.4
3928	1	-86166.6
3929	1	71963.1
3930	1	96165
3931	1	-31526.6
3932	1	-5967.61
3933	1	-91203.1
3934	1	42276.3
3935	1	-9802.31
3936	1	62793.9
3937	1	-34304.3
3938	1	-44549.4
3939	1	40518.3
3940	1	57861.9
3941	1	-60572.9
3942	1	63401.9
3943	1	-10849.3
3944	1	36886.4
3945	1	-51219.1
3946	1	69292.3
3947	1	-72035.2
3948	1	96895.2
3949	1	-52370.9
3950	1	-25506.9
3951	1	31465.9
3952	1	49517.7
3953	1	83995
3954	1	-51676.8
3955	1	-92682.6
3956	1	-87309.6
3957	1	28032.4
3958	1	92451.2
3959	1	86458.7
3960	1	35754.4
3961	1	-10368.8
3962	1	-58701.5
3963	1	68309.1
3964	1	45048.1
3965	1	-82539.5
3966	1	-95130.4
3967	1	-24696.1
3968	1	88630.9
3969	1	69549.6
3970	1	-87391.9
3971	1	-80135.6
3972	1	66611.2
3973	1	60899.5
3974	1	-22978.2
3975	1	77212.9
3976	1	29309.4
3977	1	39910.9
3978	1	-96088.7
3979	1	75976.4
3980	1	-10888.8
3981	1	-94698.8
3982	1	-79721.6
3983	1	86625.1
3984	1	64043.2
3985	1	-13585.6
3986	1	55197.4
3987	1	-22789
3988	1	-31307.6
3989	1	79118.3
3990	1	-60372.2
3991	1	69752.1
3992	1	65744.2
3993	1	21156.7
3994	1	-9446.18
3995	1	38112.7
3996	1	13339.7
3997	1	-68365
3998	1	74303.7
3999	1	53497.1
4000	1	67326.2
4001	1	-55669
4002	1	1297.1
4003	1	-40469
4004	1	28440.7
4005	1	60325.4
4006	1	-77081.5
4007	1	7681.66
4008	1	71299.5
4009	1	71660.6
4010	1	4466.86
4011	1	72460.8
4012	1	-15250
4013	1	16663.7
4014	1	64683.9
4015	1	95217.4
4016	1	-57108.8
4017	1	-57344.2
4018	1	2911.64
4019	1	-93397
4020	1	-39148.3
4021	1	-15087.8
4022	1	-18481.3
4023	1	-83736.5
4024	1	-10140.5
4025	1	-56028.1
4026	1	29583.9
4027	1	-46256
4028	1	-71847.9
4029	1	92063.9
4030	1	-43109
4031	1	1210.6
4032	1	73484.3
4033	1	73402.9
4034	1	-30667.6
4035	1	9924.84
4036	1	76618.9
4037	1	19636.1
4038	1	-73099.3
4039	1	32219.7
4040	1	92499.5
4041	1	-44619.2
4042	1	-21417.1
4043	1	71699.2
4044	1	20102.5
4045	1	-97403.5
4046	1	54875.1
4047	1	1449.38
4048	1	-88636.9
4049	1	-92629.3
4050	1	88848.7
4051	1	-38589.7
4052	1	-97870.3
4053	1	-45798.1
4054	1	-50876.2
4055	1	-23532.7
4056	1	-35213.2
4057	1	48791.1
4058	1	28337.9
4059	1	45493.2
4060	1	-98382.2
4061	1	-9523.64
4062	1	-88617.6
4063	1	-94625.5
4064	1	1962.62
4065	1	-8920.55
4066	1	65588.3
4067	1	-54089.3
4068	1	-51287.4
4069	1	5532.94
4070	1	-40870.6
4071	1	-47668.2
4072	1	-79970.7
4073	1	-84548.8
4074	1	25971.7
4075	1	77346.6
4076	1	-1465.04
4077	1	22277.8
4078	1	1713
4079	1	51229.3
4080	1	-23379.4
4081	1	-42738.5
4082	1	21410.7
4083	1	-29271.4
4084	1	35363.5
4085	1	-80429.7
4086	1	-96567.1
4087	1	10302.6
4088	1	-14866.9
4089	1	96199.7
4090	1	50723.7
4091	1	40257.1
4092	1	87870.3
4093	1	-10202.3
4094	1	-96425.7
4095	1	-83118.8
4096	1	75591.5
4097	1	-37044.9
4098	1	95281.4
4099	1	-24657.6
4100	1	14022.4
4101	1	74490.6
4102	1	98668.2
4103	1	-94421.3
4104	1	12778.7
4105	1	61223.1
4106	1	48544.6
4107	1	7679.11
4108	1	64623.6
4109	1	8737.08
4110	1	67883.6
4111	1	59555.1
4112	1	-24083.6
4113	1	4627.67
4114	1	70276.2
4115	1	46130.6
4116	1	-63358.2
4117	1	-83874.7
4118	1	-12043.3
4119	1	-37882.5
4120	1	-61966
4121	1	-59896.6
4122	1	-41226.2
4123	1	-81869
4124	1	74479.7
4125	1	-74364.3
4126	1	-30800.1
4127	1	28767.8
4128	1	54622.3
4129	1	-57209.1
4130	1	72762.7
4131	1	39111.7
4132	1	25429.7
4133	1	-53715.2
4134	1	96021.7
4135	1	-19852.3
4136	1	-67234
4137	1	5732.97
4138	1	-53459.7
4139	1	84280.4
4140	1	-6143.32
4141	1	82789.3
4142	1	-10034.6
4143	1	-37460.1
4144	1	-92905.6
4145	1	-48122.3
4146	1	11704.7
4147	1	-18714.2
4148	1	38554.8
4149	1	-4370.26
4150	1	-81287.1
4151	1	-71674.2
4152	1	-74892.1
4153	1	17693
4154	1	23609.9
4155	1	-89104.1
4156	1	26495.2
4157	1	-84968.4
4158	1	18730
4159	1	69758.2
4160	1	-81011.3
4161	1	-27736.6
4162	1	-90103.1
4163	1	-65611.4
4164	1	68329
4165	1	-84133.7
4166	1	71192.7
4167	1	-66828.3
4168	1	61186.9
4169	1	-2170.66
4170	1	-83995.6
4171	1	-33142.5
4172	1	1105.43
4173	1	-71876.5
4174	1	52789.2
4175	1	19427.4
4176	1	-93815.2
4177	1	24233.8
4178	1	-92207.6
4179	1	-38553.4
4180	1	-8791.19
4181	1	75922.9
4182	1	-36358.3
4183	1	-69179.1
4184	1	11621.2
4185	1	92391.8
4186	1	-55541.5
4187	1	-30980.6
4188	1	6297.36
4189	1	-87791.4
4190	1	73163
4191	1	53269
4192	1	-28554.6
4193	1	-21472.9
4194	1	-76907
4195	1	-43145.2
4196	1	11870
4197	1	-93113.5
4198	1	-12342.2
4199	1	17865
4200	1	-56443.6
4201	1	-97437.2
4202	1	-86777.4
4203	1	-36455.2
4204	1	10324.4
4205	1	6489.8
4206	1	85130.3
4207	1	-63351.8
4208	1	-34974.1
4209	1	97432.9
4210	1	67521.3
4211	1	-95297
4212	1	-36728.6
4213	1	14595.3
4214	1	-45922.6
4215	1	21557.1
4216	1	-30698.1
4217	1	80738.7
4218	1	97837.6
4219	1	14142.7
4220	1	-99452
4221	1	48157.3
4222	1	-53168.9
4223	1	-87016.8
4224	1	73837.4
4225	1	-19182.2
4226	1	-96531.8
4227	1	79522.2
4228	1	87458.1
4229	1	86096.2
4230	1	43397.2
4231	1	69539.2
4232	1	59100.4
4233	1	-54171.8
4234	1	17406.6
4235	1	64630.9
4236	1	-43249.9
4237	1	-16869
4238	1	88403.2
4239	1	29448.9
4240	1	-1816.8
4241	1	87057.4
4242	1	-38731.6
4243	1	63432.2
4244	1	44920.5
4245	1	22144.8
4246	1	-35574.2
4247	1	-82316
4248	1	35570.8
4249	1	77587.9
4250	1	-20982.9
4251	1	-63594.4
4252	1	94556.4
4253	1	88808.8
4254	1	-57803.8
4255	1	-44815.6
4256	1	-84829.5
4257	1	77481.4
4258	1	-89267.8
4259	1	25534.4
4260	1	48636.1
4261	1	51305.7
4262	1	-88062.3
4263	1	-52738.4
4264	1	-17303.7
4265	1	42804.2
4266	1	11500.4
4267	1	-88783.8
4268	1	41174.3
4269	1	-60132.2
4270	1	187.961
4271	1	-4183.19
4272	1	92268.1
4273	1	87989.4
4274	1	-57071.5
4275	1	29741.1
4276	1	13421.4
4277	1	41364.2
4278	1	27383.8
4279	1	21284.8
4280	1	26199.5
4281	1	-60409.6
4282	1	-30141.4
4283	1	-79127.2
4284	1	-59800.1
4285	1	21225.6
4286	1	40623.9
4287	1	16298.4
4288	1	20981
4289	1	85853.5
4290	1	-33303.1
4291	1	-54518.8
4292	1	29451.4
4293	1	-76907.1
4294	1	3775.75
4295	1	-20487
4296	1	-9787.07
4297	1	32494.5
4298	1	47128.3
4299	1	-59738.9
4300	1	81564.1
4301	1	6722.7
4302	1	81286.2
4303	1	-78746.7
4304	1	-12032.2
4305	1	72615.8
4306	1	-14028.6
4307	1	-93772.2
4308	1	-24630.1
4309	1	70500.7
4310	1	-30633.2
4311	1	62840.3
4312	1	-59567.4
4313	1	-70725.8
4314	1	-26240.4
4315	1	48509.9
4316	1	71308.1
4317	1	31273.2
4318	1	-8912.97
4319	1	38268.3
4320	1	24519.5
4321	1	-6880.49
4322	1	35969.8
4323	1	92341.8
4324	1	85792.6
4325	1	-70185.2
4326	1	37467.4
4327	1	-77612.5
4328	1	-32932.3
4329	1	-22877.3
4330	1	-38980.1
4331	1	95949.2
4332	1	-97013.2
4333	1	-48550.8
4334	1	24661.2
4335	1	-92732.7
4336	1	-98163.7
4337	1	73889.3
4338	1	-80574
4339	1	84698.5
4340	1	-50282.1
4341	1	46633.8
4342	1	-74814.7
4343	1	40157.3
4344	1	76407.3
4345	1	98210.1
4346	1	57981
4347	1	94936.8
4348	1	69106.5
4349	1	66108.9
4350	1	60328.2
4351	1	-22831.9
4352	1	-8591.08
4353	1	24834.7
4354	1	54520.4
4355	1	53572.1
4356	1	12584.2
4357	1	-80428.8
4358	1	55242.4
4359	1	30086.7
4360	1	-55181
4361	1	-44868.8
4362	1	-88076.2
4363	1	87710.5
4364	1	22707.4
4365	1	77231.2
4366	1	5960.37
4367	1	54661.9
4368	1	-57876.9
4369	1	55541.4
4370	1	-58167.5
4371	1	-69204.9
4372	1	78915.1
4373	1	71436.5
4374	1	6259.4
4375	1	-15815.3
4376	1	19655.3
4377	1	92680
4378	1	5122.36
4379	1	-72129.9
4380	1	-50121.3
4381	1	10746.2
4382	1	-33831.4
4383	1	32263.6
4384	1	6285.49
4385	1	2921.79
4386	1	63344.5
4387	1	-90769.8
4388	1	37288.1
4389	1	-63650.8
4390	1	-75983.3
4391	1	53765.7
4392	1	10661.1
4393	1	-78731
4394	1	48523.8
4395	1	-79923.9
4396	1	9577.85
4397	1	66837.5
4398	1	65282.1
4399	1	91678.6
4400	1	-25818.1
4401	1	-76346.4
4402	1	32782.8
4403	1	25321.7
4404	1	-40165.4
4405	1	89169
4406	1	-29929.3
4407	1	90608
4408	1	-99237.5
4409	1	-68919.7
4410	1	84331.5
4411	1	-15961.3
4412	1	64236.9
4413	1	-28634.6
4414	1	56928.9
4415	1	86742.5
4416	1	-2321.46
4417	1	-81776.5
4418	1	1999.99
4419	1	59306.5
4420	1	-94213.7
4421	1	-85178.4
4422	1	31431.7
4423	1	-40458.4
4424	1	-21017.4
4425	1	80499.5
4426	1	-44571
4427	1	-58410.1
4428	1	82832.8
4429	1	74872
4430	1	-69264.9
4431	1	19242.5
4432	1	66241.7
4433	1	53013.6
4434	1	55776.9
4435	1	-29226.9
4436	1	32833.8
4437	1	-79615.3
4438	1	-42504.6
4439	1	58278.1
4440	1	88163.1
4441	1	-16243.6
4442	1	-39673.5
4443	1	-95533.7
4444	1	36806.2
4445	1	32867.8
4446	1	5424.28
4447	1	-75963.7
4448	1	77743.9
4449	1	13316.5
4450	1	49302.1
4451	1	-32873.2
4452	1	-68532.4
4453	1	30838.6
4454	1	91031.9
4455	1	41681
4456	1	63307.2
4457	1	78313.9
4458	1	93205.8
4459	1	59889
4460	1	50836.5
4461	1	96604.9
4462	1	-37656.5
4463	1	-74226.1
4464	1	-96366.7
4465	1	-93076.3
4466	1	-18164.3
4467	1	37676.1
4468	1	-65944.1
4469	1	-46752.7
4470	1	-48240.4
4471	1	76389.4
4472	1	52737.5
4473	1	-72639.5
4474	1	-74635
4475	1	17691.2
4476	1	-65649.2
4477	1	36475.8
4478	1	-55710.7
4479	1	41833.5
4480	1	84847.2
4481	1	-7133.02
4482	1	-68865.5
4483	1	91914
4484	1	-12263.5
4485	1	-25583.1
4486	1	-88372.6
4487	1	-97902.2
4488	1	-38155.2
4489	1	39326.5
4490	1	98184.5
4491	1	-22143.7
4492	1	-80973.5
4493	1	-20522.7
4494	1	96579.1
4495	1	28997
4496	1	73472.1
4497	1	-80595.8
4498	1	79610.7
4499	1	63480.1
4500	1	-75368.2
4501	1	-21330.1
4502	1	16089.8
4503	1	-7836.44
4504	1	-33278
4505	1	76160.2
4506	1	57190.4
4507	1	-31104.4
4508	1	1094.68
4509	1	64812.3
4510	1	-47775.8
4511	1	-91710.7
4512	1	-6555.97
4513	1	29106.2
4514	1	60694
4515	1	87198.5
4516	1	-40993.8
4517	1	60101.3
4518	1	-85861.6
4519	1	20067.1
4520	1	37152.1
4521	1	97291.3
4522	1	-97164.3
4523	1	76272.9
4524	1	82228.9
4525	1	-8855.55
4526	1	65377.7
4527	1	-7941.12
4528	1	-59328.3
4529	1	-91297.1
4530	1	11155.3
4531	1	-17565.2
4532	1	-63553.4
4533	1	81066.9
4534	1	-68100.9
4535	1	-32206.3
4536	1	-71524.7
4537	1	78245
4538	1	94710.3
4539	1	-81703
4540	1	34696.4
4541	1	-95967.3
4542	1	-36399.5
4543	1	57301.4
4544	1	56510.2
4545	1	25532.4
4546	1	-10486
4547	1	47194.1
4548	1	-51941.9
4549	1	-18811.1
4550	1	-3276.71
4551	1	14945.4
4552	1	-57970
4553	1	57838
4554	1	83028.5
4555	1	-65851.7
4556	1	-86257.6
4557	1	25383.5
4558	1	32032.9
4559	1	-70349.1
4560	1	-86826.7
4561	1	-85915.8
4562	1	68305.9
4563	1	49056.9
4564	1	-16077.3
4565	1	18571.7
4566	1	53712.5
4567	1	40554.2
4568	1	77321.1
4569	1	-41182.1
4570	1	-58504.2
4571	1	-21882.6
4572	1	81555.6
4573	1	62285.9
4574	1	-4224.45
4575	1	49224.7
4576	1	-98821.7
4577	1	-56883.8
4578	1	-71245.7
4579	1	-16312.5
4580	1	78624.5
4581	1	-87438.4
4582	1	-96064.1
4583	1	32392.3
4584	1	4602.55
4585	1	-20001.4
4586	1	-34361.4
4587	1	95037.3
4588	1	90779.8
4589	1	-73456.2
4590	1	35681.8
4591	1	-26929.6
4592	1	-48369.4
4593	1	-10445.9
4594	1	-78510.1
4595	1	-29789.3
4596	1	90978
4597	1	-2124.26
4598	1	20734.7
4599	1	32852.1
4600	1	-45134
4601	1	-18963.7
4602	1	33941.7
4603	1	-8875.93
4604	1	36584.7
4605	1	19820.4
4606	1	24652.3
4607	1	-95278
4608	1	43602.6
4609	1	55541.4
4610	1	-25420.4
4611	1	-23669
4612	1	-16939.4
4613	1	17687.4
4614	1	77461.8
4615	1	55112.2
4616	1	20830
4617	1	67255.8
4618	1	10.6642
4619	1	-2829.47
4620	1	-2722.11
4621	1	-86505.9
4622	1	-55567.5
4623	1	-87983.3
4624	1	-65599.6
4625	1	80680.7
4626	1	82325
4627	1	55244.1
4628	1	-67869
4629	1	69725.3
4630	1	74485.2
4631	1	-4419.27
4632	1	98230.2
4633	1	29982.5
4634	1	7566.43
4635	1	-21363.3
4636	1	-16619.8
4637	1	-24213.9
4638	1	-342.897
4639	1	77365
4640	1	-73471.1
4641	1	13387.7
4642	1	42648.3
4643	1	-40096.8
4644	1	51020.7
4645	1	-84093.5
4646	1	-35676.7
4647	1	-50658.6
4648	1	-69611.1
4649	1	-11165.9
4650	1	-25819.3
4651	1	-29320.6
4652	1	-64045.5
4653	1	82745.7
4654	1	-68637.8
4655	1	51823.7
4656	1	-88914
4657	1	-26130.7
4658	1	29652.7
4659	1	-8029.73
4660	1	-80951.7
4661	1	12881.7
4662	1	8722.51
4663	1	30766.2
4664	1	-43113.1
4665	1	44743
4666	1	47748
4667	1	-89918.7
4668	1	-77066.4
4669	1	41441
4670	1	8725.71
4671	1	95566.2
4672	1	22946.7
4673	1	10414.3
4674	1	65611.1
4675	1	68685.6
4676	1	32111.4
4677	1	-31474.2
4678	1	-86624.7
4679	1	-98848.9
4680	1	-67206.8
4681	1	-39730.1
4682	1	-83000.6
4683	1	76600
4684	1	23296.5
4685	1	85415.5
4686	1	14220.6
4687	1	-6838.26
4688	1	17198.5
4689	1	93058.2
4690	1	-89004.1
4691	1	-72857.9
4692	1	-76904.2
4693	1	11696.6
4694	1	32244.4
4695	1	331.678
4696	1	-37795.7
4697	1	-77025.5
4698	1	-12585.5
4699	1	67966.3
4700	1	36030
4701	1	39122.1
4702	1	-66748.5
4703	1	15777.1
4704	1	79716.9
4705	1	-13325.1
4706	1	76675.9
4707	1	84307.4
4708	1	-7043.8
4709	1	56549.2
4710	1	39358.9
4711	1	69267.6
4712	1	47808.7
4713	1	44051.7
4714	1	-73166.5
4715	1	88906
4716	1	78337.2
4717	1	-31234.6
4718	1	94995.3
4719	1	49249.1
4720	1	19283.6
4721	1	-42742.4
4722	1	39183.9
4723	1	41067.3
4724	1	-68377.6
4725	1	-93048.2
4726	1	-56596.3
4727	1	22668.4
4728	1	16748.7
4729	1	-200.485
4730	1	27200.7
4731	1	-16804.2
4732	1	16962.9
4733	1	91055.6
4734	1	-14841.6
4735	1	-78796.8
4736	1	-70240.9
4737	1	12944.1
4738	1	3883.32
4739	1	-10110.1
4740	1	65573.4
4741	1	-35172.5
4742	1	-42802.8
4743	1	61202.1
4744	1	-57984
4745	1	66277.5
4746	1	55619.7
4747	1	51463.4
4748	1	-53922.3
4749	1	58003.7
4750	1	34704.1
4751	1	-77726.9
4752	1	1822.65
4753	1	-55870.3
4754	1	89888.1
4755	1	-72775.5
4756	1	61183.2
4757	1	-64295
4758	1	-6320.41
4759	1	50100.1
4760	1	-16223.1
4761	1	-49261.8
4762	1	96208.8
4763	1	-1384.56
4764	1	266.996
4765	1	-28088.9
4766	1	-50803.7
4767	1	3859.19
4768	1	30279.1
4769	1	-73506.1
4770	1	87749.6
4771	1	-22604.1
4772	1	-30932.4
4773	1	99128.1
4774	1	87637.6
4775	1	94702.4
4776	1	20984.4
4777	1	6560.37
4778	1	38583.6
4779	1	68409.5
4780	1	-52729
4781	1	-32747.9
4782	1	14477.2
4783	1	66476.8
4784	1	48658.4
4785	1	-12656.3
4786	1	-55866.4
4787	1	-81652.2
4788	1	83378.9
4789	1	-18070.7
4790	1	62933.7
4791	1	6971.26
4792	1	67857.1
4793	1	-15639.8
4794	1	-85934.5
4795	1	64905.8
4796	1	21552
4797	1	-19970.7
4798	1	-59910.5
4799	1	-92457.8
4800	1	63291
4801	1	-76894.2
4802	1	85162.7
4803	1	-82735.8
4804	1	39468.2
4805	1	-1958.97
4806	1	84910.8
4807	1	-50625.7
4808	1	76584.2
4809	1	85173.1
4810	1	76778.8
4811	1	23906.3
4812	1	30989.1
4813	1	-16344.6
4814	1	97393.3
4815	1	-19051.4
4816	1	3047.29
4817	1	16195.9
4818	1	67248.7
4819	1	-81010.2
4820	1	30109.7
4821	1	45766.3
4822	1	-82668.9
4823	1	-17597.4
4824	1	10361.7
4825	1	-41987.9
4826	1	-39146.7
4827	1	12972.2
4828	1	50083.6
4829	1	12581.5
4830	1	93066.2
4831	1	-33972.6
4832	1	-47183.6
4833	1	15388.1
4834	1	-60253.4
4835	1	-39960.7
4836	1	16753.6
4837	1	18112.3
4838	1	-99541.3
4839	1	-36808.6
4840	1	51651
4841	1	73768.9
4842	1	97625.8
4843	1	70633.1
4844	1	-99686.4
4845	1	50088.2
4846	1	-28300
4847	1	10090.1
4848	1	-33250.1
4849	1	17488.2
4850	1	-95292.7
4851	1	-66816.5
4852	1	-90968.6
4853	1	21864
4854	1	-5549.71
4855	1	52611.6
4856	1	-97292
4857	1	99473.4
4858	1	-75006
4859	1	85793.9
4860	1	-18764.2
4861	1	-31985.4
4862	1	-51844.9
4863	1	34128.4
4864	1	17929.2
4865	1	-59991.9
4866	1	30024.5
4867	1	94197.3
4868	1	42406.3
4869	1	11735.5
4870	1	-26842.5
4871	1	66949.7
4872	1	-8879.71
4873	1	56319
4874	1	-26702.3
4875	1	56391.4
4876	1	87476.2
4877	1	-35285.9
4878	1	27192.3
4879	1	-77998.3
4880	1	-45103.4
4881	1	84895.7
4882	1	-28837.5
4883	1	63.9241
4884	1	47304.2
4885	1	-58719.9
4886	1	76695.2
4887	1	82862.4
4888	1	-43396.1
4889	1	46095.5
4890	1	71469.7
4891	1	41955.3
4892	1	11903.6
4893	1	-4036.95
4894	1	53446.6
4895	1	-66961.1
4896	1	4570.07
4897	1	95175.3
4898	1	76516.3
4899	1	18656.2
4900	1	-21429.8
4901	1	-32000.6
4902	1	-71634.6
4903	1	17163.8
4904	1	19715.9
4905	1	-31577.4
4906	1	-28205.3
4907	1	-18645.2
4908	1	-8810.23
4909	1	14716.5
4910	1	69485.8
4911	1	-24101.7
4912	1	-50269.5
4913	1	76924.3
4914	1	13784.8
4915	1	72476.5
4916	1	22083.5
4917	1	-53659.2
4918	1	7689.99
4919	1	-26839.6
4920	1	-94047.1
4921	1	-66258.4
4922	1	-73652.7
4923	1	-74041.3
4924	1	55919.1
4925	1	85797.8
4926	1	52340.4
4927	1	-6015.64
4928	1	-58712.7
4929	1	81779
4930	1	-90193.9
4931	1	47473.2
4932	1	-8163.61
4933	1	72642.9
4934	1	27393.4
4935	1	-25042.3
4936	1	-88120.2
4937	1	-16416.7
4938	1	-34745.6
4939	1	44200.7
4940	1	-2649.9
4941	1	728.848
4942	1	-29257.3
4943	1	98705.7
4944	1	-7803.53
4945	1	-2814.68
4946	1	-24079.7
4947	1	-327.659
4948	1	97218.5
4949	1	90327.8
4950	1	72469.2
4951	1	-12912.6
4952	1	-97550.9
4953	1	-88102.9
4954	1	-98826.2
4955	1	10072
4956	1	-86804.6
4957	1	12113.9
4958	1	-72343.7
4959	1	-96630.7
4960	1	-73820.8
4961	1	-82848.9
4962	1	-70955.5
4963	1	86090.5
4964	1	-83085.1
4965	1	-54424.1
4966	1	-91857.7
4967	1	29852.1
4968	1	-68591.7
4969	1	39977.1
4970	1	24619.2
4971	1	-52191.4
4972	1	80946.9
4973	1	10660.8
4974	1	-78925.6
4975	1	-79563.2
4976	1	-3268.75
4977	1	49932.1
4978	1	61929.8
4979	1	5929.91
4980	1	-50608.9
4981	1	49367.8
4982	1	-66818
4983	1	26657.7
4984	1	78224.4
4985	1	47326.6
4986	1	-66784
4987	1	-94394.8
4988	1	47139.4
4989	1	-32427.4
4990	1	8160.33
4991	1	60825
4992	1	14706.3
4993	1	8251.62
4994	1	-78629.4
4995	1	-65197.4
4996	1	18577.7
4997	1	-3483.98
4998	1	61605.4
4999	1	35553
5000	1	77961
5001	1	39269.7
5002	1	-67374.6
5003	1	36629.2
5004	1	-93452.4
5005	1	-88910.3
5006	1	37457.2
5007	1	-71528.4
5008	1	-59297.1
5009	1	-94518.2
5010	1	29774.9
5011	1	77369.1
5012	1	89599.2
5013	1	-55905.8
5014	1	-79849.6
5015	1	50608.4
5016	1	-81068
5017	1	-43542.8
5018	1	-12781.4
5019	1	89641.3
5020	1	-97155.9
5021	1	16344.7
5022	1	-79223.1
5023	1	58196.5
5024	1	-98345.6
5025	1	-78330.9
5026	1	-63214
5027	1	-22848.3
5028	1	-74037.2
5029	1	-56265.1
5030	1	40475.5
5031	1	-32283.3
5032	1	50246.9
5033	1	22937.8
5034	1	-79655.6
5035	1	-82117.5
5036	1	85674.3
5037	1	-70196.7
5038	1	-8240.25
5039	1	11357.2
5040	1	-96146.1
5041	1	46017.1
