961	1	961
1	1	30736.5
2	1	-68843.8
3	1	-70930.3
4	1	16735.1
5	1	-67888.9
6	1	30735.7
7	1	78906.2
8	1	12792.6
9	1	31527.4
10	1	-43782.3
11	1	12144.5
12	1	52418.8
13	1	-88489.4
14	1	-87337.2
15	1	97696.5
16	1	-28929.1
17	1	-77190.5
18	1	-81386.2
19	1	35480
20	1	-97020.6
21	1	-27149.6
22	1	25004.5
23	1	21981.2
24	1	-2903.76
25	1	-36476.7
26	1	14955.6
27	1	44477
28	1	-15586.9
29	1	-91854.4
30	1	-56785.3
31	1	45475.3
32	1	11354.3
33	1	-22382.4
34	1	-80035.8
35	1	42000.8
36	1	25924.8
37	1	-99602
38	1	-81183.3
39	1	-77308.3
40	1	91996.9
41	1	11724.6
42	1	-62336.6
43	1	20484.1
44	1	-33084.8
45	1	61893.3
46	1	-61805.8
47	1	-24131.7
48	1	81351.4
49	1	-66010.4
50	1	-15861.1
51	1	47067.7
52	1	20890.2
53	1	94637.6
54	1	38048.9
55	1	-60983.4
56	1	-37711.1
57	1	26902
58	1	48551.6
59	1	98178.3
60	1	-26629.1
61	1	-38623.1
62	1	80353.2
63	1	-59788.6
64	1	-44222
65	1	-21360.5
66	1	52644.1
67	1	-85303.9
68	1	41813
69	1	36454.3
70	1	-61969.1
71	1	-43211.9
72	1	-62036.1
73	1	-20462.6
74	1	27425.7
75	1	20186
76	1	17060.4
77	1	56241.2
78	1	41663.4
79	1	25700.6
80	1	49120.1
81	1	19401.1
82	1	67938.1
83	1	-60710.8
84	1	-47522.1
85	1	30835.5
86	1	-64628.2
87	1	-93485.8
88	1	39262.8
89	1	94734
90	1	-71337.6
91	1	-38990.1
92	1	81045.3
93	1	68100.1
94	1	75814.2
95	1	28280.7
96	1	-75666.3
97	1	-97116.9
98	1	95091.4
99	1	3894.79
100	1	-95096.3
101	1	-59265.2
102	1	1802.21
103	1	-44209.3
104	1	63744.7
105	1	24916.5
106	1	-4008.78
107	1	24452.9
108	1	25405.1
109	1	-78673
110	1	-48175.6
111	1	82439.5
112	1	-60841
113	1	39073.4
114	1	-49125.6
115	1	-32425.9
116	1	-26279.3
117	1	-77767.2
118	1	56514.1
119	1	47788.7
120	1	-17572
121	1	-69972.3
122	1	-91601.2
123	1	-7966.18
124	1	55338.2
125	1	21248.4
126	1	95817.7
127	1	-67129.9
128	1	-53652.3
129	1	-10815.2
130	1	2021.87
131	1	-6477.08
132	1	-12579.1
133	1	-93886.5
134	1	20352.7
135	1	5954.39
136	1	89856.9
137	1	4964.33
138	1	-93074.8
139	1	64692.1
140	1	65895.4
141	1	-58985.2
142	1	98468.7
143	1	-19042.6
144	1	44601.5
145	1	-30145.3
146	1	-24014.9
147	1	-98877.9
148	1	-68723.4
149	1	-28176.6
150	1	61124.4
151	1	26549.6
152	1	-74720.8
153	1	6978.49
154	1	-27170.2
155	1	37268.9
156	1	-27136.6
157	1	-93354
158	1	28200
159	1	-55207.6
160	1	35251.2
161	1	-92433.2
162	1	-88539.1
163	1	-29979.5
164	1	97275
165	1	31515.8
166	1	90973.3
167	1	-49622
168	1	-6309
169	1	75408.4
170	1	-76441.2
171	1	-69965.4
172	1	43396.2
173	1	15929.7
174	1	46521.6
175	1	8814.73
176	1	47144.3
177	1	-9495.43
178	1	-6782.74
179	1	82488.1
180	1	-51871.1
181	1	-1255.8
182	1	67273.5
183	1	40851
184	1	51891.8
185	1	52001.6
186	1	-5692.57
187	1	-22465.6
188	1	88277.8
189	1	48102.4
190	1	60960.3
191	1	-9927.31
192	1	79094.2
193	1	-18611.1
194	1	-98593.6
195	1	-57876.9
196	1	53180.6
197	1	-9459.75
198	1	-3435.1
199	1	63736
200	1	46057.7
201	1	-50532.2
202	1	57574.3
203	1	-23776.8
204	1	-78881.4
205	1	-21250.6
206	1	84099.6
207	1	21760.1
208	1	39156.8
209	1	-87017
210	1	-37111.3
211	1	35417.5
212	1	-31261.3
213	1	81716.8
214	1	-69497
215	1	52772.6
216	1	25786.1
217	1	-99167.3
218	1	-47779.2
219	1	-63511.2
220	1	-76222.3
221	1	47119.8
222	1	6989.38
223	1	-88954.7
224	1	-30331.5
225	1	-89233.3
226	1	72460.6
227	1	89075.3
228	1	17639.4
229	1	-25406.9
230	1	6674.34
231	1	-69756.2
232	1	-38746.7
233	1	-37025.6
234	1	95430.8
235	1	96759.7
236	1	30863.4
237	1	-462.099
238	1	-33801.5
239	1	70608.4
240	1	16645.5
241	1	37952.1
242	1	-91295.1
243	1	1067.01
244	1	85350.3
245	1	-15709.3
246	1	-81214
247	1	58876.5
248	1	28407.8
249	1	-30686.3
250	1	-11534.8
251	1	75031.8
252	1	45241.3
253	1	63306
254	1	-84592.6
255	1	-82622
256	1	45294
257	1	84.4133
258	1	-23607
259	1	72696.2
260	1	-39749.1
261	1	44540.4
262	1	-75128.8
263	1	-47956.2
264	1	-24750.7
265	1	67222.7
266	1	86010.8
267	1	-76275.6
268	1	-42028.6
269	1	-40409.7
270	1	41806.3
271	1	-20902.8
272	1	87959.1
273	1	-28888.9
274	1	81821.1
275	1	-92409.2
276	1	50008.1
277	1	-739.958
278	1	5648.68
279	1	-39567.6
280	1	-89129.8
281	1	-95198.2
282	1	83843
283	1	-96231.6
284	1	32769.6
285	1	-63748.9
286	1	-638.541
287	1	-83210.2
288	1	-54978.8
289	1	-78280.4
290	1	4735.12
291	1	-67114.8
292	1	-28047.5
293	1	29915.9
294	1	-8638.62
295	1	-28146.9
296	1	11682.4
297	1	-68415.5
298	1	67852.6
299	1	57180
300	1	-8512.84
301	1	97686.3
302	1	40897.5
303	1	-41879.5
304	1	56892.5
305	1	-61709.7
306	1	20931.9
307	1	-46160.2
308	1	-30614.7
309	1	42115.1
310	1	-38580.5
311	1	90986.2
312	1	80660.2
313	1	34996.3
314	1	35009.3
315	1	44903.7
316	1	-77424.3
317	1	-85044.3
318	1	-35528.7
319	1	81596.2
320	1	94161.2
321	1	68544.5
322	1	-73349.5
323	1	-97658.2
324	1	42207
325	1	87657.3
326	1	47407
327	1	-4228.69
328	1	34648.1
329	1	76466.7
330	1	-37573.3
331	1	-64236.9
332	1	-3631.56
333	1	46525.2
334	1	66150.3
335	1	-45320.3
336	1	69242.9
337	1	-73450.6
338	1	91274.8
339	1	41687.8
340	1	-45453.8
341	1	-2795.15
342	1	-90218.3
343	1	45747.1
344	1	-5087.99
345	1	84051
346	1	26479.5
347	1	57866.4
348	1	-58331.5
349	1	-98264
350	1	2942.19
351	1	-49970.5
352	1	17242.4
353	1	68924.1
354	1	41487.8
355	1	-84875.7
356	1	-29316.3
357	1	31226.6
358	1	-79798.1
359	1	81659.8
360	1	-72595.5
361	1	23699.5
362	1	-58248.2
363	1	68650.6
364	1	-69335.1
365	1	70336.9
366	1	-20933.8
367	1	-3048.71
368	1	23732
369	1	22007.1
370	1	-96559.7
371	1	-34861.1
372	1	44885.5
373	1	73397.2
374	1	24200.4
375	1	-3335.56
376	1	34275.8
377	1	-8328.05
378	1	60245.4
379	1	21473
380	1	-83478.4
381	1	35386.5
382	1	-12402.9
383	1	30108.2
384	1	27319.9
385	1	49306.3
386	1	56012.5
387	1	36961.2
388	1	7131.82
389	1	-85944.4
390	1	6090.99
391	1	31450.4
392	1	5789.57
393	1	88505.7
394	1	4515.22
395	1	-42849.9
396	1	64189.4
397	1	66282.7
398	1	90189.3
399	1	-44215
400	1	-73257
401	1	-71587.1
402	1	89383.9
403	1	59300.8
404	1	-21425.9
405	1	12498.1
406	1	10389
407	1	-85903.6
408	1	-1293.46
409	1	3624.43
410	1	51707.2
411	1	-95832.2
412	1	62332.6
413	1	20238.2
414	1	-31813.6
415	1	3051.03
416	1	99619.6
417	1	-24031.9
418	1	-77681.1
419	1	-75821.1
420	1	-2731.08
421	1	55841.2
422	1	-47205.6
423	1	-84862.3
424	1	91050.4
425	1	13341.3
426	1	9963.3
427	1	62846.3
428	1	-8557.98
429	1	-37284.1
430	1	-98502
431	1	-60293.5
432	1	35777.2
433	1	-72770.2
434	1	66312.9
435	1	78045.8
436	1	-61922.8
437	1	5603.43
438	1	95674.4
439	1	4284.52
440	1	13236
441	1	-81192.6
442	1	-3039.57
443	1	-14425.1
444	1	-9897.43
445	1	-23000.7
446	1	48087.3
447	1	91251.8
448	1	48875.1
449	1	-36422.5
450	1	19182
451	1	-11021.5
452	1	83014
453	1	99118.6
454	1	-45808.9
455	1	36723.9
456	1	-21006.8
457	1	83767.3
458	1	32846.7
459	1	-95408.3
460	1	-28416.9
461	1	27625.5
462	1	-16304.4
463	1	-45177.3
464	1	38531.6
465	1	6444.78
466	1	-15169
467	1	55803.9
468	1	96408.8
469	1	-37110.9
470	1	-81530.4
471	1	-74060.2
472	1	42834.5
473	1	61796.1
474	1	3767.77
475	1	-36992.7
476	1	41976.5
477	1	84295.1
478	1	-53850.8
479	1	42432.8
480	1	-70139.6
481	1	-22081.3
482	1	53739.1
483	1	-11938.3
484	1	-10010
485	1	-99720.9
486	1	61965.5
487	1	-70994
488	1	-88514.6
489	1	-52148.9
490	1	5804.63
491	1	-41624.9
492	1	60909.7
493	1	-75455.9
494	1	40327.8
495	1	-42519.1
496	1	-87508.9
497	1	-97496.7
498	1	-63273.8
499	1	-17825
500	1	69174.7
501	1	51120.4
502	1	39961.5
503	1	-72047.7
504	1	-60346.5
505	1	-64201.1
506	1	65740.3
507	1	-1137.33
508	1	33751
509	1	17078.7
510	1	74965.8
511	1	98687.6
512	1	36123.3
513	1	-78471.6
514	1	-34998.3
515	1	-46429.9
516	1	-61144.7
517	1	-78126.1
518	1	-75530.2
519	1	-9877.53
520	1	-46602.1
521	1	97826.5
522	1	-39707.5
523	1	46380.9
524	1	-59617.9
525	1	58759.9
526	1	89663.3
527	1	9087.21
528	1	15579.1
529	1	-1161.83
530	1	93558.2
531	1	-96638.2
532	1	97164.8
533	1	60310.8
534	1	58529.5
535	1	-87204.6
536	1	41367.1
537	1	66555.1
538	1	-36122.2
539	1	22124.5
540	1	-68009.3
541	1	52915.9
542	1	-69471.7
543	1	71343.2
544	1	-82291.2
545	1	29880.8
546	1	-29806.6
547	1	-99469.4
548	1	62395.8
549	1	37549.9
550	1	-72425
551	1	-73864.7
552	1	16577.8
553	1	-61251.8
554	1	-32722
555	1	88365.6
556	1	-46254.7
557	1	57029.4
558	1	672.607
559	1	-40976.7
560	1	-91531.3
561	1	-73144.9
562	1	58500.8
563	1	-92938.7
564	1	-96352.1
565	1	-86933.9
566	1	-14138.8
567	1	-81216.4
568	1	-80880.5
569	1	99168.7
570	1	36552.3
571	1	-76920.5
572	1	-59080.4
573	1	85782.8
574	1	-93788.8
575	1	59882.7
576	1	24662.7
577	1	27917.9
578	1	93194.2
579	1	-69733.4
580	1	-52929.9
581	1	92855.6
582	1	-88462.8
583	1	4315.69
584	1	-77963.1
585	1	92210.4
586	1	-73202
587	1	48654.6
588	1	-94615.7
589	1	67336.3
590	1	55418.5
591	1	-29869.9
592	1	-90742.8
593	1	5320.42
594	1	-66410.7
595	1	-6907.71
596	1	-86935.6
597	1	47499.2
598	1	-82167.9
599	1	-949.086
600	1	-52928.3
601	1	-35940.8
602	1	-96940.3
603	1	72124.7
604	1	47978.3
605	1	45798.2
606	1	-49678.2
607	1	-60859.8
608	1	-89230.8
609	1	-61723.7
610	1	87992.2
611	1	-95373
612	1	-80320.5
613	1	-72615.2
614	1	-61599.1
615	1	13150.3
616	1	8704.8
617	1	63208.6
618	1	62447.6
619	1	-81236.9
620	1	-83719.6
621	1	-51309.4
622	1	-21421.1
623	1	-55585.9
624	1	-21836.2
625	1	-58682
626	1	74853.4
627	1	21226.8
628	1	26097.1
629	1	-61823.1
630	1	87998.8
631	1	89832
632	1	18526.4
633	1	-193.323
634	1	626.778
635	1	-13898.8
636	1	4036.42
637	1	1309.81
638	1	12384.6
639	1	-99808.5
640	1	84197.3
641	1	-98622.8
642	1	-83399.2
643	1	54545.8
644	1	47488.8
645	1	-3511.13
646	1	-42019.6
647	1	69610.7
648	1	41359.9
649	1	-81460
650	1	-42667.7
651	1	-17336.5
652	1	45739
653	1	43377.6
654	1	-54401.4
655	1	45682.6
656	1	-1326.9
657	1	31919.7
658	1	-58845.2
659	1	8066.77
660	1	-27342
661	1	50690.4
662	1	-50007.9
663	1	-63986.3
664	1	87178.4
665	1	-59027.5
666	1	43042.2
667	1	4853.95
668	1	80195.5
669	1	-76333.5
670	1	-73126.4
671	1	55286.5
672	1	68538.1
673	1	85835.2
674	1	68240.9
675	1	22393.5
676	1	-85973.8
677	1	-54634.3
678	1	-50073.5
679	1	-75159.1
680	1	-55645.3
681	1	18461.8
682	1	-4819.39
683	1	-86761.3
684	1	48225
685	1	95661.4
686	1	-68736.9
687	1	-22876.5
688	1	24872.7
689	1	-6257.81
690	1	-85304.8
691	1	-66841.6
692	1	86937
693	1	18151.3
694	1	65042.4
695	1	-64174.4
696	1	16333.4
697	1	-60565.8
698	1	-64932.1
699	1	-88159.7
700	1	20199.9
701	1	-85538.7
702	1	-46681.9
703	1	-22124
704	1	-88053.2
705	1	-25195.8
706	1	88497.9
707	1	-94956.9
708	1	-28368.9
709	1	13851.8
710	1	-5336.8
711	1	-57654.9
712	1	-25111.9
713	1	-10758
714	1	-37466.9
715	1	-15687.8
716	1	74088.5
717	1	93413.4
718	1	70358.6
719	1	96267.2
720	1	-88755
721	1	19800.3
722	1	99077.6
723	1	-87360.3
724	1	68839.7
725	1	12446.2
726	1	25558.4
727	1	-25842.5
728	1	77834.1
729	1	96395.6
730	1	40642.5
731	1	-71027.5
732	1	50786.2
733	1	-3839.75
734	1	-23589.6
735	1	37240.2
736	1	76963
737	1	78352.1
738	1	25925.1
739	1	-85411.6
740	1	-53800.7
741	1	97467.5
742	1	74896.1
743	1	-14459.8
744	1	-30165.6
745	1	-46368.9
746	1	54982.4
747	1	-97082.4
748	1	74178.1
749	1	-41137.9
750	1	-99344.3
751	1	-87386.2
752	1	-97203.9
753	1	-50593.3
754	1	-3045.18
755	1	-98698.3
756	1	-77327
757	1	-98985.7
758	1	99670.1
759	1	-24258.6
760	1	-71166.2
761	1	-5341.51
762	1	-1095.4
763	1	35566.5
764	1	72549.1
765	1	70034
766	1	65109.7
767	1	-22503.6
768	1	87334.7
769	1	-17623.2
770	1	-7379.65
771	1	-67541.5
772	1	15382
773	1	94610.3
774	1	2985.43
775	1	-60002
776	1	-95052.2
777	1	70964.4
778	1	-65360.2
779	1	91172.3
780	1	-41777.8
781	1	15059.6
782	1	-72936.1
783	1	89233.5
784	1	-83359.1
785	1	79377.2
786	1	-19380.3
787	1	91776.3
788	1	-21401.1
789	1	-17527.2
790	1	-60172
791	1	6229.67
792	1	-85156.7
793	1	-72396
794	1	61578.6
795	1	-38371.6
796	1	62572
797	1	34265.8
798	1	-87406.9
799	1	41362.4
800	1	85433
801	1	-78563.4
802	1	74993.6
803	1	-84896.5
804	1	-47150.8
805	1	-521.51
806	1	-62936.1
807	1	42282.7
808	1	-75482.9
809	1	28431.7
810	1	50283
811	1	59316.8
812	1	76334.3
813	1	53640.2
814	1	25530.6
815	1	-6029.31
816	1	-60794.2
817	1	-13577.2
818	1	-70850.7
819	1	-77345
820	1	71887.5
821	1	65134.4
822	1	33494.1
823	1	95587.9
824	1	-79321.1
825	1	-53490.8
826	1	-74981.5
827	1	-50937.3
828	1	89988.1
829	1	7260.49
830	1	76411.8
831	1	-26799.4
832	1	-70404.6
833	1	49978.9
834	1	97317.6
835	1	-56878
836	1	9326.45
837	1	-78589.8
838	1	73698.5
839	1	-62416.6
840	1	95096.7
841	1	-80296.3
842	1	-16732.8
843	1	-75939.4
844	1	74350.7
845	1	-21909.2
846	1	-65393.5
847	1	85590.6
848	1	73827
849	1	23070.2
850	1	80234.2
851	1	-66739.9
852	1	-27836.6
853	1	-13531.7
854	1	-66044.7
855	1	63284.8
856	1	59484.5
857	1	35293.4
858	1	65437.3
859	1	41627.6
860	1	68304.9
861	1	76388.1
862	1	-10221.1
863	1	87716.3
864	1	-58224.2
865	1	-45300.9
866	1	82043.9
867	1	46651.4
868	1	21781.8
869	1	56276.2
870	1	-68061.6
871	1	30575.6
872	1	-24722.1
873	1	-26732.6
874	1	-14257.2
875	1	-2476.06
876	1	53399.9
877	1	90313.8
878	1	-53670.8
879	1	23116.8
880	1	-40954.6
881	1	-54661.9
882	1	13878
883	1	-96530.4
884	1	95415.1
885	1	-29008.9
886	1	61284.7
887	1	-12833.2
888	1	-64959
889	1	53807.1
890	1	55016.6
891	1	25694.3
892	1	-34702.1
893	1	-56511.7
894	1	-19692.3
895	1	77527.2
896	1	23342
897	1	-96798.1
898	1	65646.4
899	1	77421.5
900	1	99419.8
901	1	80249.9
902	1	-62673.3
903	1	56689.5
904	1	-61383.8
905	1	37730.5
906	1	25844.5
907	1	89596.7
908	1	55168.5
909	1	-57046.3
910	1	-2213.61
911	1	71903
912	1	31828
913	1	-87745.5
914	1	-55696.9
915	1	44602.2
916	1	80962.7
917	1	-62030.3
918	1	10524.4
919	1	-41573.9
920	1	16506.2
921	1	82680.4
922	1	40375.8
923	1	4295.02
924	1	-695.784
925	1	-396.275
926	1	-45734.7
927	1	16905.7
928	1	74235.5
929	1	58339.1
930	1	-4244.34
931	1	-96883
932	1	33323.2
933	1	-51208.1
934	1	-12508.3
935	1	12125.3
936	1	1696.73
937	1	-13313.3
938	1	69204
939	1	-72909.3
940	1	-6029.05
941	1	-54598.2
942	1	-62612.7
943	1	-54478.1
944	1	-19955.6
945	1	-80572.8
946	1	-43924.7
947	1	-50529.3
948	1	29784.9
949	1	-21322.4
950	1	-66967.4
951	1	3671.77
952	1	3646.37
953	1	-867.929
954	1	-80307.7
955	1	-67265.5
956	1	-52254
957	1	80988.7
958	1	26357.3
959	1	23591.7
960	1	-36656.5
961	1	-1241.7
