-1.24834
0.270009
-0.830386
0.107102
-0.565712
1.19462
0.0301248
1.01116
-0.508837
0.449975
-0.603525
0.552408
-0.888216
-0.589624
0.259224
-0.138804
0.0972752
0.75844
0.415602
-0.809523
0.515909
-0.701393
1.53651
0.0316319
0.469664
-0.337926
-0.282837
0.497324
-0.0514171
-0.150138
0.0177706
-0.755977
0.373294
-0.00621442
-0.0369186
-0.403908
0.439452
-0.105014
-0.0790815
0.366883
0.18879
-0.0203103
-0.0862122
-0.18895
0.0755561
0.177154
0.0493609
-0.36003
0.508005
0.0312354
-0.213368
-0.322724
0.533201
0.0874632
-0.167247
0.00363756
0.0461693
-0.0986419
0.0207303
0.26243
0.247574
-0.0209967
-0.0258498
0.386026
-0.344342
0.0067336
0.080929
0.379912
-0.441453
-0.0180492
0.128021
-0.565088
-0.105235
0.123759
0.000229398
-0.0697817
0.0600812
0.00257076
-0.0242155
-0.0696354
0.729181
-0.241223
-0.310244
0.476506
-0.0279859
-0.173068
-0.000616541
-0.892531
0.529349
-0.402504
0.123388
-0.146845
-0.169001
-0.000508046
0.0524826
0.0130127
-0.268479
0.0503834
0.066052
0.0847602
0.320675
0.128249
-0.0362531
-0.680369
-0.27929
0.276824
0.0978152
-0.164636
-0.202031
0.00717135
0.161897
0.131948
0.145302
-0.0576881
-0.0126582
0.271411
-0.394594
-0.440103
0.044345
0.369861
-0.00682077
-0.652645
-0.0267209
0.629457
-0.125767
-0.134193
0.0117149
-0.522371
0.364256
0.20574
-0.176346
-0.12178
-0.213063
-0.0134121
0.0541699
-0.390668
0.0364464
0.114865
-0.00453151
0.450475
0.459387
-0.158889
-0.1712
-0.130873
0.449218
0.278165
-0.065743
-0.0623351
0.13802
-0.21351
-0.192384
-0.932794
-0.0584653
0.402837
0.022368
-0.0237111
-0.159463
0.515391
0.117971
0.415483
-0.177881
-0.217118
0.0274796
-0.425644
0.0751677
0.478043
-0.0760462
-0.31735
0.326383
0.180961
-0.0577777
-0.097844
0.367887
0.328339
-0.171509
0.344643
-0.947992
-0.301833
0.177338
-0.035496
-0.329857
0.0730176
0.235244
0.0494115
-0.292247
-0.500943
0.265482
0.44582
0.792922
-0.211761
-0.163325
0.00669593
-0.875819
-0.0155507
0.400979
0.0230728
0.499749
-0.00266526
-0.088825
0.0866719
-0.42001
-0.0588697
0.151713
-0.239617
-0.406247
0.138573
0.0779728
0.159178
-0.439278
-0.144734
0.222424
1.08004
0.62048
-0.604604
-0.111071
-0.12916
0.343386
0.103562
-0.171483
0.197701
-0.0322562
0.305459
0.0829884
-0.0928843
-0.264714
0.0491197
0.0303944
0.314802
-0.178025
-0.0412578
0.0841379
-0.569183
0.074719
0.336022
-0.0264499
0.312773
-0.0859302
-0.113787
0.0218994
0.386067
-0.224697
-0.230962
0.0443824
-0.0487625
0.389382
-0.203851
-0.25872
-0.565242
2.66949
0.556117
-0.971931
0.0693144
-0.370952
-0.134017
0.0865065
-0.00592943
-0.0578158
-0.0685537
0.0383435
-0.446995
0.9424
0.339381
-0.263161
0.178123
0.202748
-0.0622461
-0.0207877
0.244358
-0.00718472
-0.136702
-0.0379421
-0.0228446
-0.425355
0.00155028
0.0548478
-0.0239513
0.545382
0.0588329
-0.12405
-0.85901
1.59781
0.569621
-0.828139
-0.107268
0.184527
0.1242
-0.0105607
0.207955
0.00253587
0.00629244
-0.0242043
-0.162499
-0.0795519
0.0173525
0.00469948
0.688103
-0.222945
-0.188915
0.0400648
0.0248341
-0.224304
0.0269321
0.0178117
-0.439686
0.173229
0.185952
-0.0628867
-0.0848898
0.637565
-0.192031
-0.416879
0.0122917
0.0402058
0.0795071
-0.00493651
-0.241043
-0.00829129
0.0490173
0.000592279
-0.0272021
-0.212855
-0.00113959
0.0218083
0.0489922
0.00790495
0.0010609
-0.0155248
0.00766483
8.68113e-05
0.0423891
0.0533184
-0.00202755
-0.0116033
-0.00590265
-0.00520232
0.00771087
-0.00956372
0.0154484
0.0187898
-0.0117724
-0.00396549
-0.0444638
0.0265707
0.022364
0.0388828
-0.000920566
0.0014275
-0.0778607
0.0299274
0.0444305
-0.00152389
0.000154059
0.00207788
0.00283563
0.00455772
-0.00922552
-0.0277178
0.00697012
0.00540627
0.0300909
0.00329626
-0.0128131
0.0124762
0.00321277
-0.000588842
0.00619146
-0.0346141
-0.00206157
-0.0416151
-0.00953773
-0.0012685
0.0435828
-0.0142386
-0.0160389
-0.0133507
-0.00198835
-0.00117724
-0.0576926
0.0180103
0.0226792
-0.0105951
-0.00228089
0.00153479
-0.0996181
0.109402
0.110226
0.0455468
0.021391
-0.00217612
-0.0443849
0.043853
0.00515116
-0.0104581
-0.0144281
0.0103748
0.0275344
-0.0168276
-0.000459696
0.0175017
-0.00287353
0.000337128
-0.0610162
0.0063496
0.0268963
-0.0109371
-0.0128685
0.00677199
-0.0543945
0.0311665
-0.000653672
-0.0223627
-0.00164758
0.0165393
0.0184422
0.0143212
0.015954
-0.00509308
0.0193974
-0.0036513
0.0103874
0.106122
-0.0290052
0.0117412
-0.00150653
0.00262006
0.0885521
0.0282459
-0.0104155
-0.0694726
-0.00924587
-0.0344963
-0.0586108
0.0321215
0.00850477
0.000153744
-0.0150335
0.0124394
0.0297181
0.00579717
-0.0182694
-0.0175479
-0.0217826
-0.00422969
-0.0523001
-0.0442912
0.00933365
0.0189835
-0.00413201
0.00725504
0.0222522
-0.0433409
-0.0196408
-0.0212125
0.0149244
-0.00252215
-0.334714
0.0413542
0.130526
-0.0229019
0.081485
-0.0374446
-0.00861947
0.0247866
0.113894
0.0127046
-0.0195193
-0.00389339
-0.00557538
-0.00174879
0.00358538
-0.000871747
-0.0432517
0.177964
0.0395947
-0.0630851
-0.136654
-0.0326959
0.0608326
0.0127498
0.0131166
-0.0412854
-0.00813816
0.00670341
0.0188417
0.00422095
-0.00416097
-0.000935072
0.0832165
0.0473228
-0.048494
-0.0581725
0.0826765
0.0632105
0.0342388
-0.0127602
-0.0405896
0.0171523
0.0119537
0.00657809
-0.0175596
-0.00932167
0.000651053
0.000974589
-0.0585212
0.0918361
-0.0822056
-0.0325461
-0.0873146
-0.00848302
0.0413846
-0.0283819
0.0506472
-0.0319425
0.00457013
0.00645006
0.0156865
0.009428
-0.00411673
0.000930685
0.241279
-0.068603
-0.143762
0.0482189
-0.20846
0.0486562
-0.0308308
-0.0400421
-0.162315
-0.000942179
0.0305452
-0.00936012
0.0416103
-0.00056797
0.00167479
0.00267131
-0.0148386
-0.0777684
0.0655686
0.0610975
-0.315013
-0.00342465
0.00384925
0.021503
-0.0166996
-0.000184501
-0.0114313
0.000224807
0.0729166
-0.00873222
-0.00680078
-0.00194617
0.0675897
-0.100112
0.0519409
0.0327
0.0578226
0.0136993
-0.0313036
0.00827397
-0.0443486
0.0110287
0.0011019
-0.00386513
-0.00654856
-0.0064437
0.000734549
0.000145341
-0.148285
-0.0863906
0.107269
0.0346768
0.0596356
-0.117284
-0.039349
0.0309526
0.0672097
0.0234605
-0.0235673
-0.00613349
-0.00933862
0.0150393
0.0032798
-0.00215499
0.0322547
0.0449514
0.0893102
-0.00252253
-0.0977628
-0.0179677
0.0133186
0.0322709
-0.03888
-0.0303284
-0.0120509
0.000476236
0.0196278
-0.00442515
-0.00302775
-0.0018696
0.31983
0.111226
0.000452241
-0.0979848
0.264066
-0.0418761
0.0215322
0.00983396
-0.153496
-0.0193901
0.0018807
0.00883238
-0.0450357
0.0142446
0.00709175
-0.00129617
0.11817
-0.13494
-0.0493695
0.0440149
0.0121659
0.0439305
0.0062093
-0.0161526
-0.0166227
0.00274694
0.00447529
0.000793377
-8.60056e-05
-0.00266629
-0.00065606
0.000470039
-0.0224172
-0.0369844
-0.0529328
0.0040066
0.0715351
0.0368268
-0.000574888
-0.0106023
0.0346517
0.0148797
0.00771409
0.0018229
-0.00965497
-0.00281005
-0.000210844
0.000433738
0.0144278
0.0794376
-0.0993545
-0.0108248
-0.126959
0.0455863
0.0306726
-0.0363314
0.0116447
-0.0464507
0.0176813
0.00314316
0.0251009
-0.00164206
-0.00559275
0.00253231
0.129207
-0.0590288
-0.0848775
0.0121534
0.0959352
0.106308
-0.0156287
-0.0281439
-0.0598062
0.0233474
0.024687
0.000393974
-0.0178498
-0.0149242
0.000901881
0.00264151
-0.197517
0.00767786
0.00365147
0.0390937
1.09685
0.322489
-0.164484
-0.0559062
0.268615
0.109601
0.0276444
-0.0355022
-0.428635
-0.109994
0.0636587
0.0212908
-0.0486775
0.0891265
0.051636
-0.0160644
-0.0339208
0.0692304
0.024396
-0.019923
0.0137751
0.00559731
-0.00742553
-0.00476095
0.000767377
-0.00451653
-0.00252333
0.000649771
-0.0726925
0.107557
0.0290173
-0.0361029
0.0271055
-0.073855
-0.0289405
0.0185402
0.0159248
0.000516863
-0.00456573
-0.0014278
-0.000587399
0.00365041
0.00150477
-0.000659479
0.0903972
0.0799384
-0.00667565
-0.04098
0.016448
0.0455068
0.0013627
0.00891069
-0.0377198
-0.000566471
0.00551997
-0.000698261
-0.000688415
-0.00632611
-0.000562086
0.000317557
-0.148221
0.0280374
0.0462962
-0.00998083
0.0277153
-0.0714479
0.00317948
0.0113291
0.0478324
0.00770387
-0.0108166
-0.00115943
-0.00804292
0.00668439
0.00147904
-0.000751344
-0.289353
-0.10691
0.0469321
0.017934
0.913229
0.352538
-0.0402885
0.000170817
0.196282
0.055582
-0.015403
-0.0128745
-0.44587
-0.184143
0.0105216
0.00684927
0.143539
-0.0499929
-0.0501326
0.0103594
0.0190173
0.00661173
0.000257055
-0.000376529
-0.0104633
0.00463636
0.00281608
-0.00130834
-0.00038107
-0.000800063
-9.75861e-05
0.000194711
-0.107459
0.046447
0.0215679
-0.00477666
-0.0164858
-0.0264913
-0.0018034
0.00272057
0.0132992
0.00153865
-0.00167571
-0.0005312
0.000217679
0.00127774
0.000357504
-2.30485e-06
0.0499693
-0.026425
-0.00575169
0.00417677
-0.0218079
0.0158738
-0.00435294
-0.00168031
-0.00672739
-0.00146297
0.00206173
-8.74569e-05
0.00387194
-0.000853471
-0.000139004
0.00012408
-0.088566
-0.0421083
0.00304253
-0.000901192
0.380386
0.103751
-0.0164187
0.00843535
-0.0644807
-0.0240313
-0.0125687
0.00182705
-0.200996
-0.0323664
0.0121863
-0.00252785
-0.0480659
-0.0250294
-0.00540394
0.00467033
0.0813858
-0.0333181
-0.00258687
-0.00137016
0.0523765
0.00101298
-0.00220556
-0.000177325
-0.0306283
0.00470214
0.00148957
0.000332455
-0.105995
-0.025123
0.0611793
0.00150971
0.00358341
-0.0181897
0.00583932
-0.000267082
0.0173026
0.00896373
-0.00429439
-0.00146994
-0.00398632
0.000184537
0.000791958
0.000175252
