-1.97840450
-1.48539546
-0.66354251
0.10209761
-1.85799503
-1.43312797
-0.63639281
0.09179629
0.73095602
1.01533953
0.28448316
0.14340780
-3.90914683
-0.75010539
-0.60794352
0.61164099
-0.35653877
-0.16069625
-0.14932829
0.07300035
3.13448089
1.17723221
0.68864737
-0.38843917
1.15290410
0.53896819
0.29738396
-0.12679730
-2.47470575
-0.81816713
-0.58540543
0.40121588
-1.35394512
-0.28828417
-0.22347712
0.21011730
1.12548780
0.76976119
0.41095414
-0.11075234
0.93969149
1.70029885
0.55170369
0.22337268
-1.41251380
-0.62340478
-0.40525852
0.21165562
1.28047427
0.64622230
0.42204834
-0.18032768
1.57788524
1.66392733
0.67342979
0.02218922
0.86687568
0.61612146
0.31023320
-0.06808860
-0.21816363
-0.03342103
-0.03952677
0.05211239
0.66675082
1.05701824
0.36247038
0.10332256
-1.33100029
-0.85639409
-0.55668230
0.13650085
-0.84011666
-1.37863656
-0.43669150
-0.14121517
-1.07047618
-0.52372891
-0.35567350
0.17552312
-1.16605203
-1.80171656
-0.61282874
-0.18197468
0.67168160
0.31311094
0.23414824
-0.08339511
-1.79914115
-1.85647691
-0.76013046
-0.01711076
-0.48779390
-0.28828643
-0.16306715
0.05495193
-0.94172467
-0.71276632
-0.35286628
0.06581441
-0.79321190
-1.00545055
-0.36091828
-0.05880219
2.11379634
0.78472095
0.53659183
-0.39063836
2.34556272
1.99847588
0.92044071
-0.12144205
2.13602758
2.47075267
0.97246053
0.10944227
1.23322712
2.22373405
0.71032024
0.32360611
4.91366403
0.66648474
0.62173693
-0.86084734
0.47333016
0.33980814
0.17479872
-0.03816432
-0.01553494
-0.40617106
-0.06590694
-0.10554750
-0.22234804
-0.66795298
-0.16701413
-0.12274142
-0.31975968
-0.65579558
-0.18704381
-0.10036386
0.62151730
-1.06568445
-0.06893434
-0.49274853
0.55801594
-0.32276701
0.14700075
-0.23206313
-1.00421345
-0.19531634
-0.10835296
0.25235716
-0.63081463
-2.22987619
-0.50299440
-0.48679709
-0.16533011
-2.23854142
-0.49923255
-0.64043232
-1.21294041
-1.22904630
-0.47056637
-0.01028845
-1.50480267
-1.06553659
-0.50152903
0.11592839
-0.55940455
0.02174837
-0.10400050
0.14998486
0.73655925
1.20922135
0.38666584
0.12603929
3.82454424
-0.05553518
0.37239227
-0.83296144
1.56308846
1.58891098
0.67050700
-0.02384502
1.34849354
2.67219094
0.80510262
0.39252744
1.57092059
0.31654280
0.29373334
-0.37715817
1.77195581
0.45429577
0.23347527
-0.48717405
0.63923426
0.34007544
0.19644399
-0.06084522
-0.31392296
0.12075328
-0.02744963
0.12376693
0.36004191
-0.02549228
0.06732951
-0.10701359
0.39907766
-0.02175444
0.06501787
-0.11150442
-1.73475601
-0.95390817
-0.44080154
0.15130381
0.50002759
1.10289775
0.32824930
0.12917763
0.50890411
0.00518255
0.12351959
-0.12063301
-1.70435371
-0.49101228
-0.40572204
0.40479461
-2.10895007
-2.46796247
-0.92091632
-0.10157573
-1.99467595
-0.72332219
-0.54807253
0.36456150
-0.55291084
-1.19723899
-0.34528550
-0.16815267
0.25547977
-0.10194185
0.01797365
-0.09563470
0.55269473
0.67498325
0.23776419
0.04071894
0.70627757
-0.03430318
0.02702484
-0.14707407
1.46471499
1.73313765
0.62630005
0.06909732
-0.11746607
0.02197713
-0.04090701
0.03646686
1.76716211
1.84812607
0.71050235
0.01896004
0.17246785
0.19325776
0.07073277
0.00750588
0.65935995
0.49097114
0.22888158
-0.04416466
-0.08816855
-0.41698053
-0.08398892
-0.07160853
-2.97409719
-1.20844374
-0.59871217
0.33271176
0.46949127
0.37006388
0.15751920
-0.02098360
-0.89488705
-0.61322874
-0.28597435
0.05984025
-1.63293008
-1.77089170
-0.60516740
-0.03221519
-0.54398781
-0.48411272
-0.19102458
0.01070897
